docs/data/Atlantic_U.asc
ncols        537
nrows        591
xllcorner    -15.208216669121
yllcorner    31.791844932009
cellsize     0.027778629380
NODATA_value -9999
[rows 37 to 73 of 591, columns 249 to 331 of 537]
143 197 242 275 292 297 289 264 240 231 228 217 198 176 153 131 109 86 63 40 13 -23 -54 -67 -63 -47 -35 -35 -44 -51 -56 -48 -26 1 29 61 83 94 114 137 138 117 111 144 200 253 290 310 321 328 334 337 334 324 303 269 216 171 151 153 178 210 225 220 204 174 147 147 160 164 172 205 240 228 143 10 -116 -203 -258 -297 -313 -321 -366
160 210 250 272 278 280 284 288 285 279 268 245 213 183 161 146 134 119 95 63 23 -23 -66 -96 -108 -103 -86 -73 -75 -88 -101 -99 -75 -47 -28 -10 2 11 37 82 117 121 108 114 144 192 240 277 302 314 315 308 298 281 250 210 163 122 102 111 138 160 162 140 108 77 63 72 91 122 173 231 277 306 290 218 112 4 -84 -136 -140 -121 -126
163 207 239 248 245 245 252 264 280 295 301 281 239 199 177 167 161 155 139 107 62 9 -44 -93 -134 -158 -159 -141 -126 -129 -141 -141 -119 -92 -76 -71 -67 -60 -32 23 80 114 114 102 103 127 173 222 266 292 291 271 250 226 192 152 107 69 52 55 61 60 53 46 36 21 14 24 45 82 132 183 238 299 345 349 299 210 112 58 48 40 40
154 191 214 216 211 214 220 230 246 270 288 281 250 220 205 199 198 198 190 166 122 66 12 -43 -106 -170 -208 -208 -189 -178 -179 -173 -149 -121 -105 -112 -120 -116 -93 -39 29 81 102 95 79 79 106 155 210 253 260 232 195 159 123 87 47 13 -4 -11 -20 -29 -30 -21 -13 -18 -22 -13 6 30 59 105 171 244 305 331 313 272 221 194 201 184 136
146 178 195 196 193 195 197 200 211 232 251 248 232 225 230 235 238 240 238 224 189 132 76 29 -28 -110 -195 -239 -237 -223 -211 -192 -163 -131 -111 -119 -141 -149 -135 -92 -25 36 71 78 65 52 57 90 145 197 218 190 140 93 54 23 -11 -43 -60 -74 -89 -94 -82 -61 -50 -56 -59 -47 -26 -5 13 51 110 172 225 255 245 230 226 233 253 257 208
139 167 186 192 191 191 185 179 181 195 207 201 198 211 236 256 264 263 259 255 240 199 138 86 48 -8 -102 -201 -248 -245 -227 -197 -160 -125 -105 -109 -133 -147 -141 -116 -63 -4 32 48 46 32 20 33 75 130 166 148 90 33 -13 -40 -67 -93 -113 -136 -157 -154 -129 -100 -87 -88 -86 -75 -52 -18 15 46 80 116 157 196 207 204 213 233 253 258 233
139 161 184 197 200 196 185 172 161 157 156 153 162 189 227 258 269 261 249 240 241 240 212 153 100 69 20 -80 -189 -234 -219 -183 -140 -106 -89 -91 -110 -122 -116 -100 -66 -22 6 18 20 8 -9 -14 11 64 113 112 46 -31 -86 -108 -119 -135 -164 -202 -225 -219 -191 -168 -160 -141 -107 -78 -54 -18 27 61 85 108 143 186 215 219 217 223 231 231 221
160 181 203 214 213 204 189 172 145 118 105 108 128 163 211 250 262 248 225 210 212 232 249 231 175 127 101 52 -57 -163 -188 -153 -110 -77 -59 -56 -68 -78 -72 -59 -38 -13 0 0 -3 -13 -32 -43 -34 8 64 83 18 -82 -148 -159 -151 -161 -201 -247 -269 -264 -250 -249 -240 -191 -128 -87 -65 -35 13 65 108 140 174 211 240 244 229 212 202 202 210
203 232 254 257 242 215 191 168 127 88 71 75 98 138 189 230 243 232 208 188 187 208 242 264 244 195 156 130 75 -29 -111 -113 -75 -42 -18 -2 -1 -11 -13 -5 7 17 12 -4 -19 -30 -44 -55 -54 -31 12 42 2 -94 -163 -170 -149 -152 -190 -233 -258 -273 -301 -332 -309 -236 -163 -119 -99 -74 -20 54 123 175 212 239 255 257 245 225 207 207 228
247 283 309 317 299 255 204 158 115 83 64 62 79 117 163 197 212 211 198 181 174 188 222 255 263 233 192 165 145 102 26 -28 -26 1 31 60 78 74 57 49 53 58 47 15 -18 -39 -48 -53 -55 -46 -20 8 -3 -72 -137 -151 -127 -122 -148 -187 -221 -261 -314 -355 -342 -286 -214 -158 -129 -104 -47 37 119 182 221 241 250 257 260 256 255 261 277
277 307 330 347 346 307 232 160 125 112 95 78 78 102 134 158 171 184 190 184 173 173 194 223 238 224 194 172 164 164 148 105 72 68 86 114 141 152 137 112 100 99 91 57 6 -33 -45 -42 -40 -39 -30 -9 3 -32 -87 -111 -101 -89 -97 -131 -177 -227 -267 -300 -329 -326 -264 -188 -144 -121 -70 13 97 159 196 218 232 246 261 276 291 306 321
286 306 326 346 346 303 232 183 171 171 160 133 106 97 102 115 132 155 175 182 174 159 157 169 181 179 168 159 162 181 205 210 187 164 159 168 185 205 210 191 161 142 128 99 47 -5 -28 -27 -24 -26 -29 -19 5 14 -14 -45 -54 -50 -46 -66 -112 -169 -207 -238 -281 -317 -291 -210 -148 -128 -85 -9 65 118 150 171 189 209 238 272 300 316 322
273 288 308 314 286 243 219 218 221 222 215 192 148 96 70 77 95 115 135 151 155 143 118 105 111 120 122 124 134 163 207 247 261 250 237 233 239 254 271 275 250 207 171 137 91 40 7 -6 -13 -21 -27 -21 2 35 45 29 10 4 6 -8 -49 -100 -148 -194 -233 -261 -261 -210 -151 -132 -89 -19 35 70 91 109 128 156 200 248 285 297 294
245 258 257 229 199 206 232 250 251 237 215 184 144 104 81 78 79 75 77 92 112 114 87 53 47 57 65 71 83 112 160 216 260 280 282 283 289 303 327 349 349 308 243 186 139 95 56 27 4 -16 -24 -16 6 40 70 79 68 56 48 30 -3 -37 -72 -108 -144 -179 -195 -178 -145 -129 -78 -25 -6 7 19 37 65 109 163 213 243 252 249
203 193 160 135 159 207 243 259 246 205 152 113 98 101 109 112 98 65 35 34 56 75 63 23 0 2 11 18 26 49 94 150 206 249 279 297 311 329 354 386 405 392 334 260 199 152 108 66 28 -1 -14 -8 10 36 63 82 87 84 77 67 58 56 58 56 32 -31 -111 -142 -120 -95 -62 -54 -65 -69 -60 -33 14 71 121 155 171 178 182
128 97 79 108 158 201 230 229 187 120 64 48 65 92 113 121 112 84 42 10 9 28 34 8 -28 -40 -34 -27 -20 -2 34 83 141 196 245 283 312 336 360 390 413 415 382 325 263 209 156 103 56 24 4 -1 7 25 50 76 95 108 118 132 151 177 207 230 220 149 24 -71 -88 -63 -66 -92 -119 -132 -122 -83 -24 29 60 72 79 91 103
42 40 69 111 142 169 178 154 95 32 8 24 53 79 94 97 96 93 77 43 6 -9 -5 -14 -45 -71 -73 -64 -53 -36 -6 38 90 148 205 256 297 330 355 378 394 394 376 344 306 260 204 139 84 44 14 -1 8 41 81 115 138 157 177 204 241 285 329 355 338 272 167 41 -45 -62 -81 -115 -145 -159 -141 -103 -60 -30 -18 -16 -8 11 32
-6 33 69 87 101 106 93 58 10 -19 -10 20 46 60 64 68 75 82 85 78 53 12 -22 -39 -58 -83 -94 -90 -76 -57 -28 11 60 114 169 219 266 304 332 351 359 355 343 329 313 289 247 181 108 52 14 4 28 76 124 160 183 201 225 260 309 360 396 395 349 285 226 140 25 -56 -98 -131 -150 -148 -128 -112 -98 -88 -80 -73 -61 -41 -13
-24 17 30 34 33 24 6 -19 -40 -39 -17 9 23 34 44 53 57 56 58 66 75 65 22 -29 -60 -77 -89 -92 -83 -63 -35 -1 39 84 130 172 216 258 291 310 317 311 304 301 297 288 264 216 143 73 30 24 50 96 141 176 200 222 253 296 341 372 376 347 299 256 229 178 74 -39 -110 -138 -134 -118 -110 -115 -122 -118 -100 -82 -72 -63 -42
-47 -30 -30 -37 -48 -58 -63 -68 -68 -57 -37 -25 -14 4 27 45 45 32 20 25 45 71 78 43 -14 -54 -70 -76 -72 -51 -23 2 27 56 88 121 157 198 236 262 274 274 272 269 267 262 252 226 180 116 64 45 58 91 128 159 186 210 243 277 302 312 308 292 272 243 203 145 61 -32 -95 -108 -94 -79 -74 -79 -85 -80 -65 -50 -52 -62 -62
-76 -75 -93 -114 -128 -128 -118 -112 -104 -92 -77 -64 -48 -25 4 25 30 15 -6 -13 2 34 71 98 77 9 -51 -73 -67 -42 -7 17 29 41 56 75 103 140 178 212 234 243 241 234 225 219 215 210 195 159 108 62 45 57 86 113 137 158 182 204 222 239 253 267 259 217 153 88 29 -19 -42 -39 -24 -8 7 16 19 15 10 1 -14 -35 -55
-101 -117 -149 -176 -185 -177 -165 -157 -148 -139 -123 -103 -80 -57 -33 -11 7 7 -10 -28 -28 -5 33 75 106 84 -3 -70 -81 -56 -16 16 32 40 43 49 65 91 125 162 191 205 203 189 173 163 162 168 172 166 139 88 37 19 34 55 70 84 101 120 149 181 211 229 218 172 112 68 45 41 48 60 75 90 105 115 114 101 76 46 18 -7 -40
-135 -163 -189 -204 -207 -202 -196 -193 -193 -190 -176 -151 -124 -100 -80 -56 -28 -10 -12 -30 -42 -31 -1 38 76 92 46 -41 -84 -80 -52 -17 9 28 38 41 46 59 81 111 139 154 151 135 116 104 103 111 125 138 135 104 48 -3 -14 -7 -1 11 32 58 89 122 147 157 150 135 120 116 121 134 151 167 179 186 186 178 158 130 100 68 32 -10 -62
-173 -200 -208 -208 -202 -200 -206 -218 -230 -236 -231 -211 -184 -157 -132 -107 -80 -55 -43 -46 -53 -46 -20 17 51 63 35 -29 -79 -92 -90 -69 -39 -10 14 29 37 42 54 72 90 99 95 81 65 53 48 54 68 86 97 87 47 -6 -44 -56 -56 -44 -19 1 20 39 51 66 90 118 143 167 191 216 234 244 244 236 221 203 178 147 111 69 18 -44 -117
-168 -206 -214 -202 -185 -184 -203 -231 -253 -266 -269 -265 -248 -220 -194 -172 -150 -125 -101 -84 -74 -60 -34 1 29 31 -3 -59 -98 -109 -114 -113 -96 -67 -36 -6 17 32 44 53 57 57 51 42 31 17 2 -5 -1 14 31 38 20 -24 -69 -96 -106 -97 -81 -72 -67 -59 -41 -1 49 93 127 160 190 215 229 229 227 223 218 210 194 166 119 52 -24 -97 -162
-107 -163 -194 -193 -179 -180 -205 -239 -263 -274 -284 -297 -301 -287 -267 -250 -232 -204 -171 -139 -113 -88 -60 -31 -9 -11 -47 -99 -140 -149 -144 -144 -139 -121 -91 -57 -23 8 34 49 50 42 33 26 15 -5 -36 -66 -82 -76 -55 -35 -36 -67 -109 -147 -168 -169 -160 -156 -150 -133 -93 -37 13 52 86 118 145 166 178 187 197 203 198 182 161 133 89 21 -64 -140 -191
-33 -84 -137 -167 -175 -184 -207 -242 -268 -278 -283 -307 -341 -356 -345 -326 -307 -282 -246 -208 -171 -137 -106 -78 -59 -63 -89 -131 -177 -202 -193 -175 -163 -149 -129 -103 -72 -34 3 31 43 43 36 28 11 -24 -75 -130 -164 -169 -148 -118 -100 -110 -147 -195 -230 -242 -236 -223 -199 -157 -105 -57 -16 20 54 84 110 135 155 169 175 171 155 131 102 72 37 -14 -82 -153 -207
12 -14 -60 -107 -143 -172 -199 -237 -276 -296 -302 -321 -367 -407 -412 -390 -367 -346 -317 -280 -242 -205 -169 -138 -119 -116 -128 -156 -202 -244 -250 -220 -185 -157 -139 -126 -110 -82 -45 -8 17 29 30 20 -4 -45 -109 -180 -229 -238 -217 -175 -140 -137 -167 -216 -261 -284 -280 -250 -202 -148 -102 -65 -28 12 52 88 126 159 174 164 149 137 125 103 69 34 0 -38 -87 -148 -207
31 26 6 -30 -75 -118 -162 -216 -280 -328 -346 -355 -384 -427 -451 -440 -418 -398 -374 -340 -304 -269 -236 -206 -183 -171 -168 -182 -215 -261 -287 -271 -225 -175 -141 -126 -123 -116 -93 -59 -27 -8 -5 -16 -42 -82 -139 -201 -247 -256 -234 -188 -152 -146 -170 -209 -248 -273 -270 -233 -177 -123 -82 -48 -11 34 87 138 184 203 188 162 145 135 123 102 67 28 -11 -50 -91 -140 -196
48 53 53 33 -4 -49 -98 -162 -251 -340 -390 -399 -404 -430 -464 -476 -463 -443 -420 -388 -352 -321 -294 -269 -246 -227 -214 -211 -224 -255 -292 -306 -278 -223 -169 -135 -123 -126 -121 -102 -78 -60 -59 -72 -97 -125 -159 -191 -215 -219 -208 -179 -148 -143 -162 -188 -213 -228 -221 -188 -139 -91 -48 -12 24 68 118 166 196 198 182 170 159 147 131 105 70 32 -10 -54 -95 -136 -178
68 73 81 72 39 -10 -56 -103 -175 -284 -387 -438 -443 -447 -471 -497 -502 -487 -463 -433 -398 -369 -345 -321 -298 -277 -259 -243 -237 -245 -271 -301 -309 -279 -224 -171 -136 -125 -126 -123 -114 -105 -105 -113 -125 -135 -142 -145 -145 -145 -149 -144 -133 -129 -139 -152 -164 -172 -167 -142 -104 -60 -16 23 59 92 127 160 178 178 172 167 162 152 136 108 69 29 -13 -57 -97 -131 -160
89 91 98 96 69 17 -36 -74 -112 -186 -304 -414 -470 -484 -494 -514 -528 -523 -504 -478 -449 -422 -397 -370 -342 -318 -296 -274 -256 -248 -254 -274 -296 -298 -270 -221 -172 -139 -124 -121 -119 -114 -109 -102 -96 -88 -79 -68 -59 -63 -82 -98 -101 -99 -100 -101 -102 -106 -104 -89 -61 -24 18 56 88 114 140 161 166 157 143 135 134 136 132 113 76 31 -15 -62 -102 -132 -153
118 117 122 120 100 53 -7 -53 -82 -118 -195 -311 -422 -487 -514 -529 -543 -547 -538 -521 -500 -476 -448 -417 -383 -351 -324 -302 -281 -266 -257 -256 -262 -269 -266 -243 -203 -161 -130 -111 -99 -84 -64 -38 -13 6 17 20 17 0 -25 -48 -58 -60 -58 -52 -46 -41 -35 -27 -11 14 47 79 106 128 148 162 157 133 104 86 88 101 107 101 80 46 2 -50 -99 -136 -159
157 153 153 150 132 93 34 -22 -59 -86 -128 -207 -314 -413 -482 -524 -548 -561 -565 -561 -546 -523 -494 -460 -421 -381 -349 -326 -310 -295 -279 -263 -247 -232 -223 -213 -192 -158 -122 -91 -63 -33 2 35 62 82 88 81 67 47 26 7 -4 -8 -9 -7 1 9 17 23 31 46 69 94 114 128 140 148 142 115 78 51 45 55 65 68 63 48 19 -28 -83 -132 -160
190 188 186 182 166 133 82 25 -24 -58 -90 -140 -215 -305 -390 -461 -515 -550 -572 -586 -584 -564 -531 -495 -455 -412 -375 -352 -339 -327 -310 -289 -260 -226 -193 -166 -142 -116 -82 -42 -3 36 70 94 108 110 105 96 88 81 75 69 65 64 69 73 77 83 89 93 96 101 108 118 124 127 129 128 122 103 71 41 24 20 23 27 28 22 4 -29 -73 -113 -134
192 198 203 202 191 167 127 77 24 -22 -58 -95 -146 -212 -283 -352 -421 -486 -539 -575 -594 -586 -556 -515 -478 -442 -407 -381 -366 -354 -339 -320 -291 -249 -201 -152 -107 -67 -26 19 66 113 149 167 163 137 103 84 83 96 112 127 137 145 157 168 175 176 173 167 159 149 137 127 121 121 121 117 109 97 78 57 35 16 2 -5 -10 -15 -26 -44 -68 -89 -97
168 176 188 198 198 186 159 119 69 16 -30 -69 -106 -153 -204 -249 -296 -361 -442 -516 -563 -577 -559 -523 -487 -463 -442 -421 -400 -382 -368 -349 -325 -286 -235 -176 -114 -52 4 58 114 166 210 235 230 192 134 86 71 88 120 155 185 209 228 242 247 245 235 221 202 180 153 127 112 108 112 114 107 95 85 74 61 41 14 -12 -30 -41 -48 -58 -70 -80 -76
