docs/data/Atlantic_U.asc
ncols        537
nrows        591
xllcorner    -15.208216669121
yllcorner    31.791844932009
cellsize     0.027778629380
NODATA_value -9999
[rows 407 to 443 of 591, columns 0 to 82 of 537]
-205 -182 -177 -203 -246 -275 -278 -259 -228 -197 -179 -181 -195 -204 -196 -171 -133 -92 -57 -39 -40 -47 -46 -25 10 19 -9 -66 -168 -266 -291 -248 -180 -139 -71 40 160 224 233 211 164 97 44 28 24 29 47 78 120 147 122 50 -29 -61 -30 14 42 50 49 47 57 78 94 92 63 26 -3 -18 -17 -8 6 18 24 28 36 44 47 50 61 84 116 150 183
-183 -162 -169 -211 -262 -297 -305 -290 -266 -248 -242 -247 -247 -232 -201 -166 -131 -97 -71 -61 -64 -70 -67 -41 7 37 31 -5 -93 -209 -281 -298 -277 -254 -202 -114 6 119 199 248 249 206 152 107 75 65 81 114 151 167 125 35 -41 -51 -8 34 52 51 42 39 56 77 82 64 30 6 -4 5 19 37 50 53 52 49 42 33 24 22 31 54 85 116 144
-156 -146 -175 -235 -295 -334 -344 -330 -313 -307 -309 -307 -290 -255 -210 -166 -132 -105 -86 -80 -81 -80 -69 -44 -10 13 19 5 -74 -182 -237 -270 -293 -324 -306 -248 -136 -17 92 174 204 187 148 105 71 63 84 118 147 147 97 16 -37 -23 26 59 61 45 24 25 47 66 59 23 -6 -15 -3 24 50 71 82 81 75 63 41 13 -4 -8 2 21 46 70 90
-134 -143 -195 -269 -332 -370 -382 -370 -355 -349 -350 -347 -332 -297 -248 -198 -154 -118 -93 -77 -63 -48 -33 -21 -18 -23 -30 -52 -147 -244 -252 -257 -286 -341 -332 -281 -199 -106 3 95 151 158 131 90 61 60 84 111 121 110 60 -2 -27 6 53 69 52 19 -6 4 36 52 31 -12 -35 -30 -6 25 54 77 86 86 76 56 17 -23 -44 -41 -31 -15 0 13 24
-131 -152 -211 -283 -342 -377 -389 -383 -370 -363 -368 -379 -382 -363 -321 -263 -204 -147 -99 -61 -26 7 27 23 -3 -39 -83 -154 -273 -347 -327 -299 -265 -242 -204 -159 -112 -65 15 101 152 153 122 85 64 65 80 90 85 69 31 0 1 33 63 63 31 -12 -27 -5 32 38 6 -38 -59 -49 -24 8 37 57 66 64 52 23 -23 -66 -82 -75 -64 -55 -50 -45 -41
-137 -157 -207 -267 -317 -350 -363 -363 -359 -362 -380 -407 -427 -424 -392 -335 -265 -190 -123 -68 -21 18 38 34 7 -38 -107 -200 -300 -343 -314 -262 -182 -127 -98 -63 -28 21 79 133 145 124 95 71 57 52 51 46 36 27 18 27 48 69 75 56 12 -31 -34 0 36 30 -15 -64 -84 -74 -46 -14 13 28 31 26 9 -24 -69 -105 -117 -108 -101 -96 -96 -97 -97
-136 -153 -191 -237 -278 -309 -324 -330 -337 -355 -385 -415 -434 -438 -422 -383 -319 -243 -173 -112 -64 -29 -2 10 5 -25 -81 -155 -218 -228 -188 -155 -135 -127 -117 -76 -25 33 84 123 117 88 65 46 32 18 3 -8 -12 -6 17 58 95 105 90 52 -2 -40 -30 15 45 24 -31 -87 -106 -92 -62 -33 -11 -6 -11 -21 -38 -69 -107 -137 -145 -140 -139 -141 -140 -140 -142
-124 -134 -155 -184 -214 -238 -250 -255 -266 -288 -310 -326 -338 -357 -382 -391 -361 -306 -246 -191 -142 -97 -54 -28 -30 -60 -110 -165 -200 -182 -113 -75 -108 -163 -155 -110 -71 -21 36 81 76 52 32 15 -6 -30 -53 -64 -57 -32 16 69 106 114 87 39 -13 -39 -13 35 55 19 -48 -104 -114 -96 -70 -47 -37 -44 -58 -68 -78 -100 -131 -156 -165 -170 -180 -189 -190 -186 -187
-113 -104 -100 -107 -120 -132 -138 -144 -160 -179 -185 -181 -186 -220 -290 -365 -394 -370 -322 -268 -210 -150 -99 -77 -91 -134 -194 -239 -239 -189 -105 -48 -77 -151 -161 -134 -122 -80 -47 -7 3 -3 -13 -33 -61 -89 -110 -113 -92 -51 3 51 77 75 48 8 -25 -30 9 59 69 19 -55 -103 -108 -94 -77 -62 -63 -84 -105 -111 -110 -121 -145 -167 -182 -198 -221 -239 -245 -239 -236
-103 -78 -57 -47 -47 -49 -54 -72 -99 -109 -95 -76 -75 -119 -221 -338 -404 -406 -367 -312 -247 -185 -139 -120 -132 -178 -241 -274 -255 -203 -137 -78 -76 -129 -160 -160 -153 -119 -117 -93 -71 -63 -68 -89 -116 -140 -149 -136 -105 -63 -20 8 14 4 -11 -28 -36 -17 36 87 88 29 -45 -90 -98 -95 -87 -79 -91 -120 -142 -143 -135 -138 -155 -175 -196 -224 -257 -286 -300 -298 -292
-96 -64 -36 -18 -7 -5 -25 -68 -100 -98 -72 -41 -27 -64 -163 -284 -363 -384 -364 -316 -255 -195 -150 -125 -129 -169 -226 -253 -241 -216 -178 -127 -93 -107 -145 -173 -168 -141 -132 -115 -105 -107 -119 -134 -146 -153 -146 -126 -95 -66 -44 -41 -50 -61 -61 -55 -40 0 64 114 106 44 -27 -76 -97 -102 -99 -100 -119 -151 -171 -166 -153 -152 -165 -183 -206 -239 -281 -322 -352 -362 -356
-94 -66 -37 -13 2 -7 -52 -106 -129 -118 -95 -62 -28 -27 -71 -146 -221 -269 -277 -250 -203 -154 -112 -87 -87 -118 -164 -193 -198 -198 -188 -160 -116 -92 -113 -145 -151 -137 -123 -117 -121 -129 -135 -137 -133 -122 -106 -88 -71 -59 -60 -76 -93 -99 -87 -63 -31 23 89 130 113 50 -23 -77 -102 -107 -108 -119 -145 -176 -193 -187 -174 -172 -179 -191 -211 -244 -290 -346 -399 -427 -423
-99 -81 -56 -31 -22 -47 -102 -148 -157 -146 -128 -90 -38 -3 0 -26 -77 -128 -153 -144 -115 -82 -57 -41 -40 -55 -83 -110 -133 -157 -178 -178 -151 -119 -112 -119 -123 -121 -116 -110 -103 -95 -89 -82 -72 -62 -54 -50 -50 -62 -84 -108 -125 -116 -88 -51 -9 48 105 130 102 36 -37 -87 -105 -106 -111 -132 -163 -196 -217 -215 -206 -203 -203 -208 -222 -252 -302 -373 -440 -476 -473
-112 -107 -91 -70 -68 -101 -152 -184 -181 -163 -137 -92 -35 7 15 -3 -36 -70 -88 -81 -57 -35 -22 -14 -8 -7 -19 -47 -91 -145 -192 -212 -198 -165 -131 -103 -83 -71 -58 -39 -21 -10 -9 -10 -12 -19 -29 -43 -64 -93 -125 -149 -149 -123 -79 -31 18 70 112 116 76 11 -54 -93 -104 -106 -116 -141 -174 -209 -233 -240 -240 -241 -242 -242 -249 -275 -326 -402 -466 -494 -493
-148 -153 -145 -127 -128 -157 -191 -202 -182 -148 -114 -77 -34 -1 2 -22 -56 -85 -98 -86 -61 -39 -25 -13 -1 4 -6 -45 -113 -190 -240 -243 -211 -164 -110 -59 -20 3 18 29 34 24 9 -3 -15 -33 -57 -87 -122 -155 -181 -190 -168 -124 -71 -18 33 79 105 93 49 -9 -61 -90 -102 -110 -125 -152 -183 -210 -229 -244 -260 -274 -280 -278 -280 -308 -368 -437 -482 -492 -488
-209 -218 -214 -199 -192 -196 -200 -190 -160 -125 -100 -80 -54 -31 -31 -56 -91 -120 -132 -122 -98 -74 -54 -37 -27 -27 -42 -91 -173 -248 -269 -241 -191 -135 -81 -35 -3 10 12 7 -6 -25 -41 -53 -70 -97 -132 -170 -202 -225 -235 -224 -189 -139 -80 -24 28 68 87 72 32 -14 -50 -75 -95 -114 -136 -167 -193 -204 -206 -222 -252 -283 -298 -302 -316 -367 -440 -495 -511 -501 -486
-289 -299 -291 -265 -233 -206 -186 -170 -151 -135 -129 -121 -100 -80 -79 -98 -125 -150 -160 -152 -129 -103 -82 -75 -80 -94 -117 -164 -228 -269 -268 -234 -185 -137 -97 -70 -55 -51 -54 -61 -74 -89 -103 -115 -135 -165 -202 -241 -266 -276 -272 -253 -218 -167 -107 -48 5 47 68 60 30 -1 -26 -51 -81 -110 -142 -178 -199 -191 -175 -186 -222 -261 -289 -316 -368 -448 -515 -544 -543 -529 -512
-369 -363 -336 -293 -250 -214 -190 -180 -181 -189 -195 -184 -155 -126 -116 -126 -146 -162 -166 -156 -135 -109 -96 -106 -137 -173 -201 -228 -256 -272 -265 -238 -202 -169 -146 -134 -124 -117 -112 -114 -121 -130 -140 -153 -172 -200 -234 -266 -288 -295 -287 -269 -237 -191 -133 -75 -20 27 57 61 45 24 3 -24 -62 -98 -137 -176 -192 -171 -145 -149 -179 -218 -258 -316 -401 -490 -542 -555 -551 -551 -550
-409 -372 -330 -294 -265 -242 -226 -223 -233 -251 -257 -236 -192 -149 -127 -133 -152 -166 -169 -161 -139 -111 -98 -116 -168 -220 -247 -259 -269 -275 -265 -243 -218 -198 -186 -174 -158 -144 -134 -131 -134 -140 -150 -163 -181 -205 -235 -263 -285 -293 -289 -273 -247 -206 -152 -94 -36 17 57 73 68 53 31 -1 -41 -83 -126 -161 -166 -142 -119 -123 -146 -174 -213 -283 -377 -464 -511 -520 -524 -542 -556
-402 -351 -305 -274 -251 -234 -227 -237 -260 -283 -287 -255 -203 -156 -134 -145 -170 -190 -198 -189 -168 -142 -126 -136 -180 -228 -252 -260 -268 -270 -257 -237 -219 -203 -190 -175 -157 -138 -123 -118 -121 -129 -143 -161 -184 -214 -246 -274 -293 -300 -295 -279 -254 -216 -165 -105 -43 17 66 92 94 79 53 17 -28 -74 -114 -136 -129 -108 -100 -114 -135 -151 -174 -226 -307 -386 -436 -454 -467 -491 -509
-368 -315 -252 -193 -144 -118 -126 -168 -224 -265 -272 -244 -202 -168 -159 -176 -207 -237 -249 -243 -224 -206 -194 -192 -210 -232 -242 -247 -256 -256 -242 -225 -210 -195 -179 -160 -139 -119 -105 -101 -105 -115 -134 -161 -198 -240 -281 -312 -326 -324 -308 -286 -258 -221 -171 -109 -43 21 74 105 111 96 67 27 -22 -70 -104 -111 -99 -86 -91 -113 -136 -151 -163 -189 -240 -302 -355 -386 -406 -422 -431
-296 -232 -145 -54 23 61 41 -34 -129 -200 -226 -220 -202 -191 -197 -221 -255 -282 -289 -275 -258 -253 -257 -254 -246 -243 -238 -235 -243 -245 -234 -219 -205 -188 -169 -149 -128 -108 -96 -94 -100 -113 -135 -167 -211 -262 -308 -342 -356 -346 -320 -286 -252 -214 -164 -105 -41 21 72 105 114 101 71 31 -19 -66 -96 -101 -92 -87 -97 -119 -142 -161 -172 -184 -208 -250 -295 -331 -351 -358 -362
-226 -162 -75 20 110 162 151 71 -45 -139 -182 -191 -195 -208 -232 -262 -288 -295 -278 -249 -234 -247 -269 -272 -258 -250 -243 -236 -240 -244 -237 -226 -211 -191 -168 -145 -122 -102 -93 -94 -103 -117 -137 -168 -210 -257 -300 -333 -347 -338 -308 -270 -230 -189 -144 -92 -36 18 62 91 101 90 64 27 -15 -57 -90 -105 -109 -112 -121 -137 -158 -178 -189 -195 -207 -230 -262 -290 -306 -312 -315
-226 -170 -97 -9 82 144 150 90 -16 -110 -154 -164 -177 -207 -248 -284 -298 -283 -247 -211 -200 -221 -247 -254 -251 -252 -250 -244 -248 -252 -251 -243 -224 -195 -164 -134 -108 -90 -83 -89 -102 -116 -130 -151 -180 -214 -249 -277 -290 -286 -264 -229 -189 -149 -109 -69 -27 13 48 72 79 69 46 16 -15 -50 -86 -114 -132 -144 -156 -170 -186 -202 -209 -212 -218 -229 -247 -264 -276 -284 -291
-301 -248 -173 -83 8 66 78 41 -34 -108 -142 -144 -149 -181 -231 -272 -280 -259 -222 -190 -183 -202 -223 -233 -240 -250 -253 -257 -265 -271 -270 -257 -230 -193 -154 -118 -87 -66 -60 -71 -90 -106 -116 -124 -138 -157 -180 -202 -214 -215 -201 -176 -144 -110 -78 -46 -16 12 37 54 57 45 24 -2 -26 -51 -82 -117 -146 -168 -188 -205 -219 -227 -230 -230 -231 -236 -246 -256 -263 -270 -279
-382 -320 -234 -137 -53 -11 -10 -39 -86 -128 -144 -134 -121 -136 -180 -224 -239 -223 -192 -167 -163 -177 -195 -209 -227 -245 -257 -271 -286 -291 -281 -256 -218 -174 -130 -91 -59 -36 -30 -44 -71 -95 -108 -113 -117 -126 -139 -153 -161 -160 -150 -133 -113 -90 -66 -41 -17 6 25 38 38 24 2 -23 -42 -57 -78 -110 -145 -176 -202 -223 -238 -244 -245 -245 -245 -246 -253 -261 -269 -277 -285
-407 -334 -240 -146 -80 -61 -77 -110 -140 -156 -155 -138 -112 -99 -116 -149 -171 -168 -147 -128 -126 -138 -158 -180 -205 -230 -253 -277 -295 -295 -274 -235 -184 -133 -89 -52 -23 -3 1 -18 -52 -85 -106 -114 -119 -125 -134 -141 -142 -136 -122 -106 -92 -78 -63 -47 -30 -11 6 18 21 11 -10 -35 -54 -64 -75 -97 -129 -160 -187 -209 -228 -242 -249 -253 -253 -255 -262 -273 -283 -293 -304
-376 -287 -193 -121 -84 -85 -109 -141 -162 -161 -148 -130 -108 -88 -79 -85 -97 -102 -95 -88 -91 -106 -128 -152 -179 -206 -234 -261 -279 -275 -245 -194 -135 -80 -35 -3 18 30 28 5 -34 -74 -104 -121 -128 -132 -138 -143 -141 -128 -109 -88 -71 -58 -49 -43 -37 -28 -15 -1 8 5 -10 -34 -55 -66 -72 -83 -103 -127 -148 -166 -187 -211 -231 -242 -247 -252 -262 -279 -297 -312 -325
-311 -216 -136 -94 -84 -94 -108 -126 -139 -137 -121 -100 -77 -57 -46 -44 -46 -51 -56 -63 -74 -91 -112 -134 -155 -178 -202 -224 -237 -230 -197 -142 -80 -25 16 40 51 52 42 21 -10 -48 -85 -111 -122 -125 -127 -129 -125 -111 -89 -65 -43 -30 -24 -22 -23 -25 -22 -12 -1 3 -5 -23 -43 -57 -61 -63 -71 -84 -99 -111 -130 -158 -185 -203 -213 -222 -238 -266 -298 -324 -343
-228 -153 -102 -85 -84 -86 -88 -90 -95 -99 -94 -75 -45 -13 10 18 14 1 -13 -31 -53 -78 -101 -120 -134 -147 -162 -178 -187 -178 -147 -96 -39 10 45 62 64 56 44 31 10 -20 -54 -82 -96 -97 -95 -91 -83 -71 -51 -29 -8 9 19 19 14 6 -2 -6 -2 6 7 -3 -19 -32 -35 -31 -30 -35 -46 -59 -77 -103 -128 -146 -157 -167 -188 -225 -273 -315 -345
-169 -127 -101 -95 -90 -79 -66 -57 -55 -63 -72 -67 -44 -3 40 69 78 71 53 25 -12 -50 -82 -101 -112 -121 -130 -140 -143 -135 -110 -71 -25 16 45 57 56 48 43 37 25 3 -23 -46 -60 -62 -56 -46 -34 -21 -6 10 27 43 57 69 70 59 41 24 14 14 21 23 16 6 2 10 18 17 7 -9 -29 -50 -70 -85 -95 -106 -128 -171 -228 -284 -327
-163 -152 -133 -119 -104 -79 -53 -34 -28 -36 -53 -61 -51 -19 26 67 95 105 97 68 21 -32 -72 -95 -107 -113 -117 -120 -119 -111 -94 -68 -34 -1 26 42 47 48 47 44 36 22 5 -11 -22 -24 -18 -6 7 19 28 36 46 59 77 96 112 114 99 72 46 32 33 41 44 40 38 45 57 61 53 37 17 -2 -16 -26 -37 -52 -76 -120 -180 -243 -295
-178 -195 -176 -151 -125 -87 -47 -21 -13 -25 -48 -64 -58 -37 -3 35 65 84 82 55 7 -48 -92 -118 -128 -130 -127 -122 -117 -111 -100 -81 -54 -23 6 29 45 53 56 55 48 37 26 16 8 6 12 25 41 52 55 55 56 65 82 105 127 142 142 121 86 54 37 38 45 50 53 62 76 85 83 72 55 39 28 20 9 -10 -40 -86 -144 -205 -258
-190 -230 -216 -178 -140 -96 -50 -20 -12 -30 -59 -78 -73 -54 -31 -5 19 34 32 8 -36 -89 -132 -156 -163 -159 -150 -139 -128 -117 -103 -85 -61 -34 -6 20 40 54 60 60 54 46 36 28 23 21 26 42 62 75 80 77 73 75 86 106 126 142 149 141 114 76 42 24 24 33 46 61 78 92 99 96 82 64 50 41 31 12 -22 -70 -126 -181 -228
-196 -248 -234 -185 -136 -94 -56 -33 -32 -55 -87 -105 -97 -76 -53 -33 -16 -6 -10 -34 -76 -124 -162 -183 -188 -180 -165 -149 -132 -114 -95 -72 -49 -26 -4 17 36 49 55 55 49 40 30 22 16 15 22 40 61 79 89 93 92 93 99 110 122 131 134 129 113 84 50 24 12 16 30 52 74 93 106 107 96 75 53 40 32 16 -17 -65 -120 -170 -208
-173 -214 -198 -149 -104 -79 -65 -63 -73 -96 -124 -135 -124 -99 -71 -46 -28 -20 -27 -52 -93 -138 -174 -192 -193 -182 -163 -142 -120 -98 -73 -47 -23 -5 11 24 37 45 48 44 35 22 7 -5 -12 -13 -3 17 41 64 83 95 102 107 113 118 118 117 114 108 97 80 57 35 20 16 25 46 72 95 110 114 103 77 47 29 24 16 -13 -63 -119 -167 -198
-63 -85 -86 -73 -71 -80 -94 -110 -127 -143 -154 -153 -135 -108 -79 -54 -35 -27 -34 -61 -103 -148 -183 -198 -196 -180 -157 -132 -107 -81 -52 -21 7 28 43 53 58 59 54 41 24 2 -21 -40 -51 -51 -41 -20 9 41 69 91 104 113 119 121 116 107 98 92 88 81 68 51 37 33 39 57 81 104 120 121 107 78 42 21 19 19 -4 -54 -112 -160 -191
