docs/data/Atlantic_U.asc
ncols        537
nrows        591
xllcorner    -15.208216669121
yllcorner    31.791844932009
cellsize     0.027778629380
NODATA_value -9999
[rows 407 to 443 of 591, columns 332 to 414 of 537]
-9999 -9999 -9999 -9999 -9999 -9999 -9999 -9999 -9999 -9999 -9999 -9999 -9999 -9999 -9999 -9999 -9999 -9999 -9999 -9999 -9999 -9999 -9999 -9999 -9999 -9999 -9999 -9999 -9999 -9999 -9999 -9999 -9999 -9999 -9999 -9999 -9999 -9999 -9999 -9999 -9999 -9999 -9999 -9999 -9999 -9999 -9999 -9999 -9999 -9999 -9999 -9999 -9999 -9999 -9999 -9999 -9999 -9999 -9999 -9999 -9999 -9999 -9999 -9999 -9999 -9999 -9999 -9999 -9999 -9999 -9999 -9999 -9999 -9999 -9999 -9999 -9999 -9999 -9999 -9999 -9999 -9999 -9999
-9999 -9999 -9999 -9999 -9999 -9999 -9999 -9999 -9999 -9999 -9999 -9999 -9999 -9999 -9999 -9999 -9999 -9999 -9999 -9999 -9999 -9999 -9999 -9999 -9999 -9999 -9999 -9999 -9999 -9999 -9999 -9999 -9999 -9999 -9999 -9999 -9999 -9999 -9999 -9999 -9999 -9999 -9999 -9999 -9999 -9999 -9999 -9999 -9999 -9999 -9999 -9999 -9999 -9999 -9999 -9999 -9999 -9999 -9999 -9999 -9999 -9999 -9999 -9999 -9999 -9999 -9999 -9999 -9999 -9999 -9999 -9999 -9999 -9999 -9999 -9999 -9999 -9999 -9999 -9999 -9999 -9999 -9999
-9999 -9999 -9999 -9999 -9999 -9999 -9999 -9999 -9999 -9999 -9999 -9999 -9999 -9999 -9999 -9999 -9999 -9999 -9999 -9999 -9999 -9999 -9999 -9999 -9999 -9999 -9999 -9999 -9999 -9999 -9999 -9999 -9999 -9999 -9999 -9999 -9999 -9999 -9999 -9999 -9999 -9999 -9999 -9999 -9999 -9999 -9999 -9999 -9999 -9999 -9999 -9999 -9999 -9999 -9999 -9999 -9999 -9999 -9999 -9999 -9999 -9999 -9999 -9999 -9999 -9999 -9999 -9999 -9999 -9999 -9999 -9999 -9999 -9999 -9999 -9999 -9999 -9999 -9999 -9999 -9999 -9999 -9999
-9999 -9999 -9999 -9999 -9999 -9999 -9999 -9999 -9999 -9999 -9999 -9999 -9999 -9999 -9999 -9999 -9999 -9999 -9999 -9999 -9999 -9999 -9999 -9999 -9999 -9999 -9999 -9999 -9999 -9999 -9999 -9999 -9999 -9999 -9999 -9999 -9999 -9999 -9999 -9999 -9999 -9999 -9999 -9999 -9999 -9999 -9999 -9999 -9999 -9999 -9999 -9999 -9999 -9999 -9999 -9999 -9999 -9999 -9999 -9999 -9999 -9999 -9999 -9999 -9999 -9999 -9999 -9999 -9999 -9999 -9999 -9999 -9999 -9999 -9999 -9999 -9999 -9999 -9999 -9999 -9999 -9999 -9999
-9999 -9999 -9999 -9999 -9999 -9999 -9999 -9999 -9999 -9999 -9999 -9999 -9999 -9999 -9999 -9999 -9999 -9999 -9999 -9999 -9999 -9999 -9999 -9999 -9999 -9999 -9999 -9999 -9999 -9999 -9999 -9999 -9999 -9999 -9999 -9999 -9999 -9999 -9999 -9999 -9999 -9999 -9999 -9999 -9999 -9999 -9999 -9999 -9999 -9999 -9999 -9999 -9999 -9999 -9999 -9999 -9999 -9999 -9999 -9999 -9999 -9999 -9999 -9999 -9999 -9999 -9999 -9999 -9999 -9999 -9999 -9999 -9999 -9999 -9999 -9999 -9999 -9999 -9999 -9999 -9999 -9999 -9999
-9999 -9999 -9999 -9999 -9999 -9999 -9999 -9999 -9999 -9999 -9999 -9999 -9999 -9999 -9999 -9999 -9999 -9999 -9999 -9999 -9999 -9999 -9999 -9999 -9999 -9999 -9999 -9999 -9999 -9999 -9999 -9999 -9999 -9999 -9999 -9999 -9999 -9999 -9999 -9999 -9999 -9999 -9999 -9999 -9999 -9999 -9999 -9999 -9999 -9999 -9999 -9999 -9999 -9999 -9999 -9999 -9999 -9999 -9999 -9999 -9999 -9999 -9999 -9999 -9999 -9999 -9999 -9999 -9999 -9999 -9999 -9999 -9999 -9999 -9999 -9999 -122 -124 -83 -9999 -9999 -9999 -9999
-9999 -9999 -9999 -9999 -9999 -9999 -9999 -9999 -9999 -9999 -9999 -9999 -9999 -9999 -9999 -9999 -9999 -9999 -9999 -9999 -9999 -9999 -9999 -9999 -9999 -9999 -9999 -9999 -9999 -9999 -9999 -9999 -9999 -9999 -9999 -9999 -9999 -9999 -9999 -9999 -9999 -9999 -9999 -9999 -9999 -9999 -9999 -9999 -9999 -9999 -9999 -9999 -9999 -9999 -9999 -9999 33 52 84 -9999 -9999 -9999 -9999 -9999 -9999 -3 93 130 116 71 42 241 295 216 125 25 -41 -82 -55 75 160 245 254
-9999 -9999 -9999 -9999 -9999 -9999 -9999 -9999 -9999 -9999 -9999 -9999 -9999 -9999 -9999 -9999 -9999 -9999 -9999 -9999 -9999 -9999 -9999 -9999 -9999 -9999 -9999 -9999 -9999 -9999 -9999 -9999 -9999 -9999 -9999 -9999 -9999 -9999 -9999 -9999 -9999 -9999 -9999 -9999 -9999 -9999 -9999 -9999 -9999 -9999 -9999 -9999 -9999 -9999 -9999 -9999 -8 53 70 82 85 81 91 108 135 155 182 190 180 173 175 266 317 334 298 230 164 100 58 104 151 232 368
-9999 -9999 -9999 -9999 -9999 -9999 -9999 -9999 -9999 -9999 -9999 -9999 -9999 -9999 -9999 -9999 -9999 -9999 -9999 -9999 -9999 -9999 -9999 -9999 -9999 -9999 -9999 -9999 -9999 -9999 -9999 -9999 -9999 -9999 -9999 -9999 -9999 -9999 -9999 -9999 -9999 -9999 -9999 -9999 -9999 -9999 -9999 -9999 -9999 -9999 -9999 -9999 -9999 -9999 -9999 25 -77 -81 -70 -54 -34 -19 5 32 54 74 105 119 128 137 153 192 236 277 293 289 271 245 199 168 165 202 276
-9999 -9999 -9999 -9999 -9999 -9999 -9999 -9999 -9999 -9999 -9999 -9999 -9999 -9999 -9999 -9999 -9999 -9999 -9999 -9999 -9999 -9999 -9999 -9999 -9999 -9999 -9999 -9999 -9999 -9999 -9999 -9999 -9999 -9999 -9999 -9999 -9999 -9999 -9999 -9999 -9999 -9999 -9999 -9999 -9999 -9999 -9999 -9999 -9999 -9999 -9999 -9999 -9999 -9999 -34 -38 -91 -122 -127 -114 -97 -81 -61 -44 -37 -36 -24 -3 21 47 73 109 152 195 226 250 267 270 250 215 190 192 228
-9999 -9999 -9999 -9999 -9999 -9999 -9999 -9999 -9999 -9999 -9999 -9999 -9999 -9999 -9999 -9999 -9999 -9999 -9999 -9999 -9999 -9999 -9999 -9999 -9999 -9999 -9999 -9999 -9999 -9999 -9999 -9999 -9999 -9999 -9999 -9999 -9999 -9999 -9999 -9999 -9999 -9999 -9999 -9999 -9999 -9999 -9999 -9999 -9999 -9999 -9999 -9999 -9999 -57 -10 -15 -65 -108 -108 -83 -62 -56 -57 -57 -59 -68 -74 -66 -44 -15 21 63 110 153 184 205 221 226 211 185 163 162 190
-9999 -9999 -9999 -9999 -9999 -9999 -9999 -9999 -9999 -9999 -9999 -9999 -9999 -9999 -9999 -9999 -9999 -9999 -9999 -9999 -9999 -9999 -9999 -9999 -9999 -9999 -9999 -9999 -9999 -9999 -9999 -9999 -9999 -9999 -9999 -9999 -9999 -9999 -9999 -9999 -9999 -9999 -9999 -9999 -9999 -9999 -9999 -9999 -9999 -9999 -9999 -9999 -67 -15 13 18 -5 -41 -49 -26 2 11 0 -21 -40 -66 -89 -99 -90 -64 -24 24 75 123 159 175 173 158 133 114 109 117 129
-9999 -9999 -9999 -9999 -9999 -9999 -9999 -9999 -9999 -9999 -9999 -9999 -9999 -9999 -9999 -9999 -9999 -9999 -9999 -9999 -9999 -9999 -9999 -9999 -9999 -9999 -9999 -9999 -9999 -9999 -9999 -9999 -9999 -9999 -9999 -9999 -9999 -9999 -9999 -9999 -9999 -9999 -9999 -9999 -9999 -9999 -9999 -9999 -9999 -9999 -4 -34 -16 10 47 69 44 4 -1 23 50 60 49 21 -13 -50 -84 -108 -111 -92 -59 -19 21 66 110 131 113 75 44 43 60 61 56
-9999 -9999 -9999 -9999 -9999 -9999 -9999 -9999 -9999 -9999 -9999 -9999 -9999 -9999 -9999 -9999 -9999 -9999 -9999 -9999 -9999 -9999 -9999 -9999 -9999 -9999 -9999 -9999 -9999 -9999 -9999 -9999 -9999 -9999 -9999 -9999 -9999 -9999 -9999 -9999 -9999 -9999 -9999 -9999 -9999 -9999 -9999 -9999 -9999 -14 -22 -14 11 31 60 81 68 48 48 67 86 91 81 55 18 -23 -61 -91 -102 -94 -76 -54 -33 -5 28 48 28 -9 -26 -1 24 24 18
-9999 -9999 -9999 -9999 -9999 -9999 -9999 -9999 -9999 -9999 -9999 -9999 -9999 -9999 -9999 -9999 -9999 -9999 -9999 -9999 -9999 -9999 -9999 -9999 -9999 -9999 -9999 -9999 -9999 -9999 -9999 -9999 -9999 -9999 -9999 -9999 -9999 -9999 76 130 169 190 196 -9999 -9999 -9999 -9999 38 45 26 24 33 45 71 95 103 96 90 94 107 116 117 110 90 60 26 -10 -44 -62 -69 -67 -62 -56 -50 -44 -46 -56 -61 -41 -3 22 30 25
-9999 -9999 -9999 -9999 -9999 -9999 -9999 -9999 -9999 -9999 -9999 -9999 -9999 -9999 -9999 -9999 -9999 -9999 -9999 -9999 -9999 -9999 -9999 -9999 -9999 -9999 -9999 -9999 -9999 -9999 -9999 -9999 -9999 -9999 -9999 -9999 98 93 128 146 173 186 189 181 198 227 262 261 232 198 165 133 116 120 137 146 143 140 146 152 149 137 119 103 84 61 37 14 -11 -28 -40 -47 -54 -58 -65 -74 -83 -67 -17 33 59 66 60
-9999 -9999 -9999 -9999 -9999 -9999 -9999 -9999 -9999 -9999 -9999 -9999 -9999 -9999 -9999 -9999 -9999 -9999 -9999 -9999 -9999 -9999 -9999 -9999 -9999 -9999 -9999 -9999 -9999 -9999 -9999 -9999 61 107 98 76 83 96 123 123 128 124 115 108 124 156 195 221 231 238 240 236 217 190 168 160 159 166 181 196 192 163 124 92 70 49 31 19 10 0 -12 -26 -49 -70 -79 -79 -66 -40 0 52 92 110 107
-9999 -9999 -9999 -9999 -9999 -9999 -9999 -9999 -9999 -9999 -9999 -9999 -9999 -9999 -9999 -9999 -9999 -9999 -9999 -9999 -9999 -9999 -9999 -9999 -9999 -9999 -9999 -9999 -9999 -9999 53 89 58 54 40 42 37 3 -21 -40 -43 -43 -44 -41 -18 18 61 103 135 163 195 233 267 275 248 209 181 174 189 212 223 202 153 102 65 32 9 1 6 19 30 29 3 -41 -75 -82 -57 -16 30 75 118 152 158
-9999 -9999 -9999 -9999 -9999 -9999 -9999 -9999 -9999 -9999 -9999 -9999 -9999 -9999 -9999 -9999 -9999 -9999 -9999 -9999 -9999 -9999 -9999 -9999 -9999 -9999 -9999 -9999 1 134 119 30 -29 -64 -98 -110 -117 -144 -176 -200 -216 -226 -227 -219 -194 -154 -104 -51 -1 47 95 143 200 256 287 282 254 226 219 226 232 222 189 141 93 52 20 6 8 24 49 70 71 44 -6 -52 -57 -18 37 94 148 190 203
-9999 -9999 -9999 -9999 -9999 -9999 -9999 -9999 -9999 -9999 -9999 -9999 -9999 -9999 -9999 -9999 -9999 -9999 -9999 -9999 -9999 -9999 -9999 -9999 -9999 -9999 -9999 22 58 45 -26 -83 -120 -168 -217 -257 -285 -307 -326 -344 -359 -369 -366 -354 -331 -297 -253 -202 -151 -94 -25 53 129 192 240 277 300 304 291 276 260 247 229 200 162 119 75 46 34 35 46 66 90 108 89 32 -19 -26 15 83 159 218 240
-9999 -9999 -9999 -9999 -9999 -9999 -9999 -9999 -9999 -9999 -9999 -9999 -9999 -9999 -9999 -9999 -9999 -9999 -9999 -9999 -9999 -9999 -9999 -9999 -9999 -9999 -9999 -62 -18 -126 -137 -190 -240 -275 -303 -327 -348 -362 -364 -352 -327 -288 -236 -182 -132 -91 -72 -83 -107 -128 -125 -76 21 136 221 263 286 319 351 353 327 296 275 260 240 203 152 106 77 64 63 69 88 120 138 112 45 -13 -7 62 153 233 267
-9999 -9999 -9999 -9999 -9999 -9999 -9999 -9999 -9999 -9999 -9999 -9999 -9999 -9999 -9999 -9999 -9999 -9999 -9999 -9999 -9999 -9999 -9999 -9999 -9999 -9999 -48 -100 -173 -217 -252 -277 -294 -291 -284 -282 -278 -247 -182 -92 8 112 217 317 408 490 551 557 493 395 249 73 -27 5 118 236 306 326 335 358 372 364 346 337 331 306 255 195 149 124 110 104 110 129 149 144 86 2 -9 61 157 240 265
-9999 -9999 -9999 -9999 -9999 -9999 -9999 -9999 -9999 -9999 -9999 -9999 -9999 -9999 -9999 -9999 -9999 -9999 -9999 -9999 -9999 -9999 -9999 -9999 -9999 -9999 -159 -221 -260 -264 -275 -275 -257 -212 -147 -71 24 142 275 421 574 721 855 969 1061 1147 1231 1291 1299 1261 1173 983 627 264 111 140 263 378 411 388 359 353 371 398 414 401 356 294 232 189 167 157 157 170 185 184 126 22 6 90 178 237 237
-9999 -9999 -9999 -9999 -9999 -9999 -9999 -9999 -9999 -9999 -9999 -9999 -9999 -9999 -9999 -9999 -9999 -9999 -9999 -9999 -9999 -9999 -9999 -9999 -9999 -164 -251 -262 -264 -247 -237 -210 -148 -50 70 203 351 517 691 864 1018 1137 1236 1315 1352 1381 1411 1439 1478 1536 1574 1543 1401 1100 686 327 187 274 388 428 427 418 422 449 472 458 415 361 302 247 207 184 180 192 208 221 197 94 30 105 191 227 199
-9999 -9999 -9999 -9999 -9999 -9999 -9999 -9999 -9999 -9999 -9999 -9999 -9999 -9999 -9999 -9999 -9999 -9999 -9999 -9999 -9999 -9999 -9999 -9999 -78 -229 -279 -263 -259 -261 -252 -200 -96 55 247 452 646 827 985 1100 1159 1175 1182 1175 1156 1141 1152 1182 1210 1256 1348 1474 1530 1429 1181 867 565 363 340 393 424 433 443 471 491 474 434 389 339 280 228 187 159 160 181 211 230 191 114 122 183 201 160
-9999 -9999 -9999 -9999 -9999 -9999 -9999 -9999 -9999 -9999 -9999 -9999 -9999 -9999 -9999 -9999 -9999 -9999 -9999 -9999 -9999 -9999 -9999 -9999 -120 -210 -301 -350 -368 -371 -302 -146 81 343 600 798 903 949 971 964 916 866 847 840 829 813 827 888 940 973 1035 1147 1275 1379 1346 1179 1054 869 563 400 419 471 494 496 496 479 439 404 359 295 235 180 132 111 122 160 204 224 198 170 179 174 139
-457 -227 -37 -23 -9999 -9999 -9999 -9999 -9999 -9999 -9999 -9999 -9999 -9999 -9999 -9999 -9999 -9999 -9999 -9999 50 43 2 -12 -221 -375 -386 -387 -309 -182 -4 196 423 670 889 1009 973 852 740 647 584 564 569 575 574 572 590 633 682 725 778 856 948 1071 1186 1178 1139 1134 946 618 455 468 502 514 508 475 441 426 388 320 252 186 120 76 68 99 151 201 223 208 189 169 139
-600 -464 -262 -57 -7 -9999 -9999 -9999 -9999 -9999 -9999 -9999 -9999 -9999 -9999 -9999 -9999 -9999 -9999 -9999 -32 4 11 -68 -428 -453 -257 -161 55 286 413 458 564 751 958 1055 939 714 516 403 379 391 398 396 386 384 403 427 453 502 572 653 744 830 934 1027 1032 1034 1052 904 638 504 501 516 499 452 431 441 426 364 292 213 130 67 41 56 101 159 205 221 206 175 144
-608 -457 -245 -101 3 -29 -9999 -9999 -9999 -9999 -9999 -9999 -9999 -9999 -9999 -9999 -9999 -9999 -9999 -9999 -161 -139 -101 36 -4 -59 77 235 425 630 704 713 788 876 936 847 575 313 191 173 198 218 212 193 176 177 202 235 278 345 419 481 551 621 706 820 883 885 909 940 829 613 499 487 485 481 501 524 486 412 348 281 191 106 60 55 81 130 186 222 220 187 153
-552 -472 -284 -309 -324 -404 -264 8 -9999 -9999 -9999 -9999 -9999 -9999 -9999 -9999 -9999 -9999 -9999 -9999 -309 -425 -431 -137 261 502 711 846 879 895 891 907 966 999 927 682 332 65 -47 -63 -38 -23 -37 -45 -35 -15 13 49 100 165 229 284 347 412 485 585 668 705 735 810 867 795 672 601 587 606 628 618 553 483 465 473 425 307 194 129 113 135 180 226 236 203 165
-373 -349 -315 -357 -310 -214 -283 -575 -882 -578 -75 -113 -164 -9999 -9999 -9999 -9999 -9999 -136 -40 124 319 405 566 854 1054 1197 1244 1132 1001 942 933 931 868 673 384 93 -120 -200 -179 -139 -118 -116 -125 -135 -131 -108 -71 -28 18 63 112 173 245 320 400 465 499 539 621 724 780 773 746 737 755 754 694 619 591 617 663 670 582 437 311 226 191 203 238 258 227 178
-367 -297 -333 -451 -365 -139 -105 -236 -813 -1301 -907 -364 -63 -129 -9999 -9999 -10 118 269 464 683 856 966 1128 1305 1421 1545 1610 1468 1226 1060 943 789 583 368 175 -51 -216 -219 -158 -125 -114 -119 -142 -168 -174 -157 -129 -92 -49 1 59 124 193 259 317 346 340 354 433 537 627 700 766 832 876 865 807 748 725 741 762 751 701 615 513 412 316 260 261 284 263 206
-446 -343 -310 -371 -308 -113 -79 -191 -266 -409 -355 -165 -124 -177 -78 89 393 672 835 898 913 1054 1242 1391 1469 1520 1616 1632 1504 1350 1187 959 628 318 187 70 -108 -174 -125 -86 -83 -92 -109 -140 -168 -181 -181 -170 -146 -106 -55 4 76 162 254 343 420 447 392 331 355 453 556 653 755 833 874 889 879 858 858 846 775 690 648 621 565 467 359 303 301 293 243
-469 -437 -377 -347 -326 -203 -154 -335 -467 -293 -65 165 285 305 275 329 465 557 705 879 1015 1180 1403 1439 1329 1469 1716 1617 1330 1194 1063 759 358 139 136 48 -76 -65 -11 -11 -48 -80 -103 -124 -143 -161 -177 -186 -181 -160 -129 -89 -32 50 152 265 376 482 583 601 473 355 372 487 633 751 830 884 906 898 892 884 820 708 629 615 614 557 455 369 331 320 286
-441 -475 -487 -441 -394 -361 -340 -378 -552 -477 -230 -9 106 184 264 313 350 419 628 810 980 1049 1175 1204 1140 1228 1288 1115 1011 1000 783 368 57 70 135 32 -38 10 46 1 -74 -114 -119 -116 -121 -137 -163 -184 -186 -172 -149 -118 -66 12 109 210 308 410 521 615 666 627 515 432 415 482 632 773 840 860 873 882 846 741 630 586 600 593 534 452 386 342 302
-531 -571 -659 -619 -503 -439 -539 -713 -900 -726 -430 -133 26 -6 -114 -76 51 3 94 69 30 48 24 -36 -128 43 224 353 409 371 201 -41 -57 120 111 -18 -43 6 7 -80 -173 -203 -185 -163 -154 -165 -186 -202 -200 -184 -162 -126 -68 8 98 197 291 368 436 513 602 691 754 768 724 654 587 568 626 718 778 776 729 671 632 612 610 614 592 534 475 410 334
-655 -656 -774 -784 -744 -668 -793 -860 -966 -1229 -883 -821 -652 -525 -455 -175 -34 31 -9999 -9999 -9999 -9999 -9999 -9999 36 3 -172 -154 -145 -153 -199 -174 49 140 9 -87 -77 -45 -82 -191 -274 -278 -239 -201 -181 -175 -175 -171 -158 -138 -111 -69 -6 58 123 199 277 352 419 473 522 582 664 760 860 912 891 807 689 588 537 543 586 646 708 745 731 689 641 586 531 479 397
