docs/data/Atlantic_V.asc
ncols        537
nrows        591
xllcorner    -15.208216669121
yllcorner    31.791844932009
cellsize     0.027778629380
NODATA_value -9999
[rows 36 to 71 of 591, columns 82 to 163 of 537]
-160 -151 -146 -137 -120 -101 -89 -84 -86 -90 -96 -95 -83 -62 -44 -28 -14 -5 -1 -1 -6 -13 -17 -18 -17 -18 -19 -23 -29 -35 -43 -55 -68 -86 -105 -122 -131 -133 -124 -110 -97 -89 -88 -91 -97 -106 -119 -135 -152 -174 -197 -217 -233 -243 -249 -254 -261 -272 -286 -298 -303 -303 -292 -275 -254 -227 -196 -165 -139 -119 -103 -89 -75 -61 -50 -43 -35 -30 -27 -29 -38 -56
-169 -162 -154 -141 -123 -109 -101 -97 -98 -100 -98 -90 -77 -64 -52 -42 -30 -21 -18 -20 -27 -33 -35 -32 -24 -16 -11 -9 -14 -24 -37 -50 -63 -77 -93 -107 -115 -116 -110 -101 -93 -92 -97 -107 -119 -133 -148 -164 -182 -201 -219 -233 -243 -249 -252 -259 -271 -287 -303 -317 -324 -326 -315 -295 -268 -235 -199 -165 -136 -110 -85 -60 -38 -25 -22 -24 -29 -33 -36 -39 -47 -61
-172 -170 -159 -146 -134 -126 -119 -114 -111 -106 -94 -79 -64 -51 -43 -38 -35 -31 -31 -37 -46 -52 -51 -46 -34 -22 -18 -21 -28 -39 -50 -61 -70 -79 -88 -94 -97 -97 -94 -91 -90 -93 -101 -114 -132 -151 -169 -187 -203 -217 -227 -235 -240 -245 -251 -264 -280 -297 -314 -327 -335 -335 -322 -297 -263 -227 -191 -156 -124 -95 -69 -47 -33 -27 -29 -36 -46 -56 -67 -76 -84 -94
-191 -191 -183 -174 -165 -157 -149 -139 -128 -110 -86 -62 -41 -27 -21 -23 -28 -34 -40 -49 -56 -60 -60 -56 -50 -47 -50 -58 -65 -74 -83 -91 -98 -102 -103 -99 -92 -86 -82 -80 -83 -91 -103 -120 -140 -161 -179 -193 -205 -213 -219 -224 -230 -240 -253 -271 -290 -306 -319 -329 -332 -324 -305 -277 -243 -208 -174 -143 -116 -95 -79 -68 -62 -61 -63 -70 -81 -96 -113 -128 -139 -147
-232 -247 -245 -233 -217 -201 -187 -171 -147 -116 -82 -52 -28 -14 -10 -15 -26 -39 -50 -58 -61 -65 -68 -73 -81 -88 -97 -106 -113 -119 -124 -129 -133 -136 -132 -122 -106 -91 -80 -76 -80 -91 -109 -129 -152 -172 -188 -197 -202 -205 -209 -216 -228 -244 -266 -288 -307 -320 -327 -329 -322 -303 -278 -248 -213 -181 -154 -132 -118 -110 -106 -104 -104 -106 -110 -119 -130 -145 -161 -177 -190 -198
-274 -302 -309 -296 -273 -248 -224 -198 -167 -131 -95 -65 -43 -28 -22 -26 -38 -55 -68 -76 -79 -82 -90 -103 -118 -134 -147 -157 -165 -171 -174 -175 -175 -172 -164 -149 -128 -106 -90 -83 -87 -100 -119 -142 -164 -183 -196 -204 -208 -211 -216 -227 -243 -266 -290 -312 -328 -337 -335 -326 -310 -286 -259 -228 -198 -170 -151 -139 -136 -139 -143 -148 -152 -156 -163 -171 -182 -192 -203 -213 -221 -225
-306 -340 -351 -338 -309 -277 -245 -212 -180 -151 -124 -100 -82 -67 -59 -58 -68 -81 -96 -106 -112 -118 -128 -142 -160 -179 -195 -208 -219 -226 -230 -230 -224 -212 -196 -176 -153 -130 -112 -103 -105 -115 -131 -151 -172 -191 -206 -217 -224 -230 -237 -250 -268 -289 -309 -328 -340 -343 -335 -320 -302 -281 -258 -234 -211 -191 -178 -173 -173 -177 -182 -186 -188 -192 -197 -204 -211 -218 -221 -220 -219 -220
-336 -370 -379 -361 -327 -289 -251 -216 -188 -169 -155 -141 -127 -113 -103 -99 -103 -114 -128 -143 -156 -166 -177 -188 -204 -222 -240 -256 -269 -279 -284 -282 -273 -256 -233 -206 -180 -157 -141 -131 -127 -131 -143 -160 -179 -199 -217 -231 -241 -248 -257 -269 -285 -302 -319 -332 -338 -336 -328 -317 -304 -291 -278 -265 -248 -233 -222 -216 -213 -212 -211 -208 -205 -202 -199 -200 -203 -207 -207 -201 -195 -191
-369 -397 -399 -377 -342 -303 -262 -228 -202 -186 -177 -169 -157 -146 -136 -130 -131 -140 -155 -173 -193 -211 -225 -238 -251 -267 -284 -300 -314 -324 -328 -325 -315 -296 -272 -244 -215 -191 -172 -158 -150 -148 -153 -166 -183 -203 -223 -238 -249 -259 -269 -280 -293 -306 -318 -325 -325 -320 -315 -311 -309 -308 -306 -300 -289 -277 -263 -250 -239 -230 -219 -207 -193 -179 -169 -165 -167 -171 -173 -172 -166 -158
-389 -410 -408 -387 -358 -324 -287 -252 -224 -204 -191 -181 -171 -160 -151 -145 -145 -154 -170 -190 -214 -238 -260 -279 -295 -310 -324 -340 -352 -360 -364 -360 -350 -335 -314 -288 -258 -230 -206 -188 -176 -169 -168 -173 -185 -201 -218 -234 -247 -260 -272 -283 -293 -301 -305 -303 -297 -293 -292 -295 -300 -307 -311 -310 -305 -294 -279 -261 -243 -224 -204 -181 -156 -135 -122 -113 -111 -115 -124 -131 -133 -130
-382 -400 -401 -389 -370 -344 -311 -276 -245 -220 -200 -186 -174 -164 -157 -153 -154 -162 -177 -196 -219 -246 -274 -303 -327 -346 -362 -375 -385 -391 -394 -393 -386 -375 -356 -333 -302 -269 -240 -219 -204 -192 -185 -185 -190 -201 -213 -227 -241 -253 -264 -274 -280 -279 -273 -264 -258 -257 -259 -266 -273 -279 -281 -278 -270 -258 -243 -223 -202 -177 -151 -124 -97 -77 -61 -49 -40 -38 -44 -57 -71 -79
-357 -376 -382 -380 -369 -351 -325 -295 -264 -236 -211 -193 -179 -168 -162 -159 -163 -171 -182 -197 -217 -244 -276 -312 -345 -372 -391 -403 -411 -417 -423 -425 -424 -417 -400 -374 -341 -306 -275 -251 -234 -219 -208 -204 -204 -208 -215 -224 -233 -242 -249 -254 -255 -249 -240 -233 -230 -231 -236 -242 -247 -248 -243 -232 -216 -197 -175 -154 -132 -108 -83 -57 -33 -11 7 23 38 49 54 50 38 22
-339 -360 -368 -366 -358 -343 -325 -303 -278 -252 -227 -208 -193 -183 -175 -172 -174 -179 -186 -198 -215 -241 -274 -312 -351 -384 -409 -424 -432 -437 -446 -455 -460 -455 -440 -412 -379 -344 -312 -286 -266 -249 -236 -228 -225 -223 -223 -224 -227 -231 -235 -237 -236 -229 -223 -220 -220 -224 -230 -236 -236 -229 -215 -195 -171 -148 -128 -110 -91 -70 -45 -18 9 36 63 88 110 127 137 137 127 106
-324 -338 -341 -336 -326 -314 -300 -283 -267 -252 -237 -223 -212 -201 -192 -186 -184 -186 -191 -200 -214 -236 -266 -302 -340 -377 -409 -432 -445 -454 -466 -480 -486 -482 -470 -446 -415 -382 -347 -317 -292 -271 -257 -246 -236 -227 -220 -215 -215 -217 -221 -223 -222 -219 -217 -217 -218 -221 -225 -225 -219 -206 -186 -165 -146 -129 -114 -100 -84 -63 -38 -10 21 53 86 117 143 156 160 152 136 112
-283 -287 -283 -273 -258 -240 -224 -215 -214 -216 -218 -216 -210 -202 -192 -184 -180 -182 -189 -199 -212 -229 -252 -281 -314 -348 -382 -413 -439 -459 -474 -487 -493 -487 -474 -455 -431 -402 -368 -336 -307 -284 -265 -247 -230 -213 -202 -196 -196 -199 -203 -208 -211 -213 -213 -212 -210 -206 -202 -195 -184 -171 -156 -144 -134 -123 -111 -98 -81 -59 -32 -3 28 59 91 119 138 144 139 123 101 76
-221 -218 -206 -183 -155 -134 -125 -128 -138 -153 -171 -184 -188 -184 -175 -166 -162 -166 -176 -190 -205 -222 -238 -258 -282 -311 -342 -374 -407 -438 -461 -473 -474 -467 -454 -437 -420 -398 -372 -344 -316 -287 -260 -234 -212 -196 -187 -184 -184 -188 -194 -200 -206 -209 -206 -197 -185 -173 -162 -151 -143 -138 -135 -133 -130 -124 -114 -98 -75 -47 -18 12 39 64 87 106 118 120 113 96 75 53
-148 -128 -96 -64 -48 -51 -61 -75 -91 -107 -127 -149 -167 -172 -165 -155 -151 -155 -164 -178 -194 -210 -225 -238 -255 -276 -303 -333 -367 -399 -425 -438 -440 -434 -423 -410 -399 -387 -371 -350 -323 -293 -262 -235 -215 -204 -199 -195 -194 -194 -196 -199 -201 -198 -189 -174 -156 -139 -126 -120 -120 -125 -131 -135 -135 -129 -116 -93 -63 -28 4 29 48 61 74 88 99 103 98 85 66 44
-59 -18 16 24 6 -23 -49 -71 -88 -101 -118 -141 -166 -184 -183 -172 -163 -161 -164 -172 -182 -194 -207 -221 -234 -250 -273 -302 -332 -361 -385 -399 -403 -402 -396 -391 -386 -382 -373 -356 -334 -307 -280 -259 -244 -236 -230 -224 -216 -209 -203 -198 -192 -184 -171 -153 -133 -115 -107 -109 -118 -129 -139 -143 -138 -127 -109 -83 -50 -17 9 25 31 38 48 64 80 89 86 74 55 33
28 59 64 43 7 -29 -59 -81 -97 -112 -129 -153 -183 -211 -218 -204 -186 -176 -172 -170 -171 -177 -188 -202 -219 -236 -257 -283 -312 -338 -358 -370 -377 -379 -379 -378 -377 -375 -371 -360 -340 -317 -297 -282 -271 -264 -256 -245 -230 -215 -202 -190 -178 -163 -146 -127 -110 -99 -96 -99 -109 -120 -129 -131 -125 -112 -93 -68 -43 -22 -7 -2 -2 0 11 30 51 66 70 63 47 27
48 62 58 37 7 -23 -52 -78 -103 -128 -152 -180 -211 -240 -251 -233 -204 -182 -169 -164 -161 -163 -171 -186 -207 -229 -252 -275 -300 -322 -339 -350 -357 -362 -365 -367 -366 -365 -363 -353 -335 -314 -298 -287 -279 -271 -260 -245 -230 -214 -196 -177 -155 -134 -115 -101 -91 -85 -81 -82 -86 -94 -103 -106 -103 -93 -81 -66 -52 -41 -34 -33 -36 -36 -28 -10 13 35 49 50 40 21
29 48 51 39 17 -8 -36 -66 -102 -143 -183 -221 -255 -282 -291 -264 -213 -170 -143 -133 -131 -134 -144 -165 -193 -223 -249 -269 -288 -306 -321 -331 -337 -342 -344 -346 -346 -344 -339 -331 -317 -302 -289 -280 -271 -261 -248 -235 -223 -208 -187 -162 -134 -110 -93 -83 -77 -72 -67 -63 -63 -71 -81 -88 -89 -85 -80 -76 -73 -67 -61 -59 -62 -63 -58 -43 -21 3 20 27 22 6
0 21 30 21 0 -27 -54 -83 -118 -161 -207 -250 -287 -318 -326 -279 -199 -131 -88 -70 -71 -85 -109 -139 -176 -213 -242 -262 -276 -289 -301 -311 -317 -319 -318 -315 -312 -309 -307 -301 -292 -282 -273 -262 -250 -238 -229 -223 -217 -205 -185 -158 -130 -106 -89 -76 -66 -59 -52 -50 -55 -69 -83 -90 -91 -85 -80 -83 -90 -93 -89 -81 -74 -69 -63 -53 -40 -26 -13 -5 -6 -17
-55 -38 -32 -40 -58 -84 -111 -139 -170 -205 -243 -279 -313 -332 -305 -233 -170 -117 -87 -77 -87 -107 -134 -159 -186 -216 -244 -264 -277 -286 -293 -300 -304 -304 -300 -293 -287 -284 -282 -279 -274 -267 -255 -241 -229 -222 -220 -221 -221 -212 -195 -169 -141 -115 -94 -75 -59 -46 -42 -47 -63 -85 -102 -107 -102 -86 -77 -81 -95 -106 -104 -91 -73 -56 -42 -36 -35 -35 -33 -30 -28 -34
-127 -122 -117 -122 -135 -157 -183 -209 -237 -266 -293 -315 -322 -292 -243 -218 -193 -164 -149 -149 -164 -185 -207 -221 -231 -244 -260 -277 -291 -298 -301 -302 -301 -300 -295 -288 -281 -278 -277 -276 -273 -266 -254 -241 -231 -229 -231 -234 -234 -226 -207 -180 -150 -123 -98 -76 -57 -45 -43 -52 -70 -91 -108 -112 -102 -80 -68 -71 -84 -98 -99 -83 -57 -32 -16 -12 -18 -29 -36 -36 -34 -35
-183 -193 -196 -199 -209 -225 -245 -266 -288 -310 -326 -325 -294 -254 -245 -249 -235 -217 -206 -210 -225 -244 -263 -275 -277 -277 -281 -292 -307 -315 -317 -313 -308 -302 -294 -288 -283 -281 -281 -281 -279 -272 -265 -258 -254 -252 -253 -254 -250 -235 -209 -177 -146 -119 -97 -77 -62 -53 -51 -55 -63 -74 -85 -89 -80 -64 -54 -54 -59 -68 -64 -48 -28 -13 -5 -6 -14 -24 -29 -27 -21 -14
-210 -233 -248 -255 -262 -271 -283 -296 -307 -317 -317 -297 -268 -252 -250 -251 -245 -237 -236 -245 -262 -283 -304 -317 -319 -312 -306 -311 -322 -333 -335 -330 -318 -304 -291 -282 -279 -278 -277 -276 -274 -273 -273 -274 -276 -274 -271 -266 -253 -228 -194 -160 -131 -109 -91 -76 -63 -54 -48 -45 -45 -47 -48 -49 -47 -41 -35 -30 -23 -14 0 7 9 8 3 -4 -11 -15 -11 -1 14 29
-231 -252 -269 -278 -284 -289 -294 -296 -296 -292 -279 -262 -249 -240 -235 -235 -237 -242 -249 -262 -280 -304 -327 -344 -350 -344 -334 -333 -342 -355 -360 -353 -334 -309 -285 -272 -266 -264 -261 -258 -257 -260 -268 -277 -282 -280 -273 -259 -235 -201 -165 -136 -114 -98 -84 -70 -55 -41 -30 -25 -23 -20 -17 -15 -16 -17 -14 -2 18 41 53 52 44 35 25 17 15 22 36 54 74 89
-234 -241 -245 -248 -251 -254 -254 -250 -243 -234 -227 -230 -236 -240 -246 -256 -266 -275 -284 -295 -310 -329 -349 -365 -374 -372 -364 -361 -366 -378 -383 -372 -345 -310 -282 -265 -254 -249 -245 -243 -242 -248 -256 -265 -270 -267 -254 -232 -200 -167 -143 -124 -108 -93 -80 -65 -46 -28 -13 -6 -3 0 3 5 2 -4 -2 12 34 54 64 67 65 58 52 52 61 81 106 129 143 146
-197 -186 -177 -176 -178 -181 -184 -187 -190 -197 -211 -231 -253 -272 -289 -306 -323 -337 -346 -352 -359 -370 -383 -395 -403 -403 -395 -386 -385 -392 -393 -377 -345 -310 -283 -266 -254 -247 -244 -241 -239 -239 -240 -241 -243 -241 -228 -204 -174 -151 -137 -123 -109 -95 -80 -60 -38 -17 -2 7 10 12 12 10 4 -3 -4 5 19 33 45 55 61 63 64 73 93 118 143 161 169 166
-143 -129 -120 -117 -121 -130 -145 -164 -186 -208 -230 -253 -276 -297 -317 -339 -363 -384 -396 -400 -398 -398 -402 -408 -413 -413 -405 -393 -388 -391 -391 -378 -352 -326 -304 -286 -274 -266 -260 -254 -244 -234 -224 -219 -221 -225 -218 -201 -178 -159 -144 -132 -118 -100 -77 -51 -29 -11 3 10 11 8 4 -1 -5 -8 -9 -6 1 10 22 33 42 49 58 74 93 113 131 142 147 146
-117 -111 -104 -102 -107 -118 -137 -162 -188 -215 -240 -264 -285 -306 -326 -351 -378 -400 -410 -405 -394 -384 -378 -377 -379 -381 -379 -374 -375 -382 -388 -384 -371 -355 -337 -319 -304 -293 -281 -266 -247 -230 -217 -210 -212 -219 -221 -213 -196 -176 -156 -139 -120 -96 -65 -38 -17 -4 2 3 0 -6 -10 -7 1 8 10 6 3 3 8 15 24 32 42 57 74 88 100 108 110 108
-108 -110 -108 -106 -109 -119 -135 -154 -177 -200 -227 -255 -283 -310 -335 -360 -384 -401 -402 -390 -371 -352 -339 -333 -333 -336 -337 -340 -350 -363 -373 -378 -378 -370 -356 -338 -319 -302 -284 -267 -248 -231 -216 -206 -201 -204 -205 -200 -185 -163 -139 -118 -99 -75 -46 -21 -4 2 2 -3 -8 -9 1 24 45 52 44 28 11 -1 -6 -4 1 9 18 30 41 51 63 73 78 76
-87 -93 -95 -97 -104 -120 -134 -143 -152 -168 -196 -230 -267 -303 -335 -362 -381 -392 -390 -374 -350 -327 -312 -302 -294 -288 -289 -301 -316 -328 -338 -349 -354 -350 -338 -320 -301 -283 -269 -255 -240 -226 -211 -195 -178 -165 -152 -140 -126 -108 -91 -75 -60 -42 -21 -3 6 7 4 1 4 21 52 79 87 74 49 21 -6 -25 -33 -33 -27 -19 -10 -2 2 8 18 32 45 50
-55 -62 -70 -82 -98 -117 -130 -135 -143 -159 -186 -219 -253 -289 -320 -342 -351 -351 -345 -331 -314 -299 -285 -270 -256 -252 -262 -279 -295 -307 -319 -330 -332 -322 -304 -284 -267 -253 -241 -231 -221 -209 -193 -169 -138 -108 -84 -71 -67 -65 -62 -53 -41 -25 -10 4 11 11 10 16 36 65 88 90 74 48 17 -13 -39 -55 -61 -60 -53 -44 -36 -33 -34 -35 -30 -17 -2 13
-46 -53 -65 -83 -102 -121 -136 -148 -161 -179 -201 -225 -250 -276 -298 -312 -312 -302 -291 -281 -267 -248 -226 -210 -208 -220 -239 -260 -280 -300 -318 -331 -332 -318 -294 -270 -251 -235 -222 -210 -200 -187 -163 -127 -87 -55 -38 -34 -40 -48 -55 -54 -45 -32 -17 -4 4 8 15 29 52 68 69 53 31 4 -24 -49 -67 -79 -83 -82 -75 -68 -64 -64 -68 -72 -71 -61 -43 -21
-63 -72 -87 -105 -124 -143 -160 -176 -191 -207 -222 -237 -251 -267 -280 -290 -294 -287 -269 -234 -188 -153 -139 -144 -162 -185 -212 -238 -263 -288 -313 -332 -338 -326 -303 -277 -254 -234 -214 -196 -174 -147 -109 -68 -37 -21 -18 -24 -35 -49 -61 -66 -61 -50 -38 -27 -19 -9 3 18 31 38 33 16 -7 -31 -54 -72 -84 -92 -97 -98 -96 -93 -92 -92 -93 -93 -90 -78 -58 -30
