docs/data/Atlantic_V.asc
ncols        537
nrows        591
xllcorner    -15.208216669121
yllcorner    31.791844932009
cellsize     0.027778629380
NODATA_value -9999
[rows 216 to 251 of 591, columns 164 to 245 of 537]
-60 -113 -159 -197 -226 -247 -263 -268 -258 -240 -236 -257 -296 -323 -312 -270 -237 -210 -148 -46 51 95 90 66 50 48 52 52 39 6 -38 -82 -115 -134 -139 -140 -137 -132 -117 -83 -33 -9 -50 -138 -224 -286 -306 -278 -254 -292 -373 -418 -405 -379 -308 -207 -157 -130 -62 64 138 118 -1 -108 -113 -126 -4 -9999 -9999 -9999 -9999 -9999 -9999 -9999 -9999 -9999 -9999 -9999 -9999 -9999 -9999 -9999
-95 -172 -237 -291 -330 -356 -369 -369 -354 -337 -337 -356 -380 -374 -326 -272 -236 -190 -100 11 91 121 120 112 103 97 95 90 75 48 12 -24 -55 -75 -86 -98 -115 -132 -140 -129 -96 -63 -70 -126 -204 -278 -313 -312 -310 -325 -361 -394 -394 -378 -332 -255 -198 -146 -44 111 188 109 -21 -90 -116 -42 -50 -9999 -9999 -9999 -9999 -9999 -9999 -9999 -9999 -9999 -9999 -9999 -9999 -9999 -9999 -9999
-133 -210 -278 -340 -389 -424 -447 -457 -455 -451 -460 -473 -467 -415 -327 -257 -211 -150 -63 19 73 101 114 114 105 92 77 57 36 20 2 -21 -46 -69 -86 -103 -129 -158 -176 -175 -152 -112 -82 -93 -152 -231 -274 -297 -334 -359 -377 -397 -395 -377 -343 -287 -241 -193 -96 38 109 72 17 -27 -61 -27 -9999 -9999 -9999 -9999 -9999 -9999 -9999 -9999 -9999 -9999 -9999 -9999 -9999 -9999 -9999 -9999
-178 -231 -283 -337 -391 -443 -493 -529 -547 -558 -566 -557 -506 -412 -313 -240 -177 -108 -38 13 41 54 60 58 53 45 32 4 -26 -39 -43 -52 -68 -86 -102 -118 -145 -180 -202 -195 -165 -127 -108 -130 -186 -250 -281 -287 -312 -350 -378 -396 -394 -372 -338 -295 -266 -230 -158 -59 2 -24 -63 2 1 -23 -9999 -9999 -9999 -9999 -9999 -9999 -9999 -9999 -9999 -9999 -9999 -9999 -9999 -9999 -9999 -9999
-203 -237 -278 -331 -388 -449 -508 -551 -578 -594 -592 -549 -468 -380 -305 -234 -159 -85 -24 12 24 16 -3 -22 -32 -32 -33 -54 -83 -95 -94 -97 -103 -109 -111 -118 -144 -183 -212 -208 -187 -177 -192 -227 -262 -293 -317 -313 -316 -330 -350 -381 -393 -370 -324 -288 -267 -240 -180 -84 -4 6 -6 -14 -9999 -9999 -9999 -9999 -9999 -9999 -9999 -9999 -9999 -9999 -9999 -9999 -9999 -9999 -9999 -9999 -9999 -9999
-209 -240 -286 -338 -391 -440 -482 -516 -542 -550 -522 -461 -400 -352 -302 -233 -153 -80 -22 15 25 3 -44 -94 -125 -129 -124 -129 -139 -140 -136 -139 -145 -147 -144 -146 -166 -203 -235 -247 -254 -265 -267 -267 -276 -294 -312 -325 -337 -339 -335 -361 -394 -375 -317 -274 -257 -240 -184 -89 -6 2 -23 0 -9999 -9999 -9999 -9999 -9999 -9999 -9999 -9999 -9999 -9999 -9999 -9999 -9999 -9999 -9999 -9999 -9999 -9999
-229 -250 -288 -333 -379 -419 -452 -477 -486 -462 -411 -366 -345 -326 -286 -221 -148 -73 -13 22 25 -8 -71 -141 -191 -214 -218 -211 -196 -177 -169 -179 -198 -211 -213 -214 -230 -257 -282 -300 -319 -321 -288 -247 -242 -262 -291 -334 -369 -374 -360 -369 -392 -368 -304 -259 -247 -235 -187 -108 -31 -6 -25 -40 -9999 -9999 -9999 -9999 -9999 -9999 -9999 -9999 -9999 -9999 -9999 -9999 -9999 -9999 -9999 -9999 -9999 -9999
-271 -284 -306 -337 -375 -411 -434 -435 -406 -356 -315 -303 -304 -291 -249 -192 -116 -38 14 32 9 -47 -112 -165 -206 -238 -252 -244 -218 -190 -183 -200 -233 -261 -272 -275 -285 -307 -328 -343 -351 -331 -276 -212 -196 -229 -283 -350 -402 -417 -406 -400 -386 -339 -281 -252 -246 -230 -185 -122 -65 -40 -47 -56 -9999 -9999 -9999 -9999 -9999 -9999 -9999 -9999 -9999 -9999 -9999 -9999 -9999 -9999 -9999 -9999 -9999 -9999
-273 -296 -319 -345 -374 -398 -405 -382 -330 -276 -251 -253 -255 -234 -195 -136 -58 7 43 30 -30 -101 -152 -177 -190 -204 -212 -205 -188 -173 -172 -193 -230 -266 -286 -293 -303 -324 -345 -360 -358 -324 -264 -211 -207 -254 -319 -385 -430 -443 -439 -422 -370 -298 -252 -244 -247 -227 -181 -133 -101 -90 -90 -80 -9999 -9999 -9999 -9999 -9999 -9999 -9999 -9999 -9999 -9999 -9999 -9999 -9999 -9999 -9999 -9999 -9999 -9999
-245 -267 -288 -310 -325 -333 -331 -306 -259 -214 -195 -194 -188 -165 -121 -62 -4 33 34 -8 -70 -121 -151 -159 -161 -167 -165 -154 -144 -142 -150 -173 -211 -250 -274 -285 -296 -319 -346 -364 -361 -334 -297 -270 -264 -296 -350 -404 -434 -437 -432 -406 -338 -259 -215 -214 -219 -201 -165 -136 -122 -120 -115 -102 -9999 -9999 -9999 -9999 -9999 -9999 -9999 -9999 -9999 -9999 -9999 -9999 -9999 -9999 -9999 -9999 -9999 -9999
-330 -340 -343 -335 -316 -290 -260 -215 -162 -122 -114 -121 -117 -89 -44 1 28 29 3 -40 -78 -96 -102 -113 -134 -151 -145 -118 -97 -91 -101 -134 -180 -222 -245 -251 -259 -288 -334 -370 -381 -369 -344 -316 -286 -274 -303 -355 -383 -387 -387 -363 -310 -231 -160 -141 -153 -150 -133 -120 -118 -117 -107 -95 -9999 -9999 -9999 -9999 -9999 -9999 -9999 -9999 -9999 -9999 -9999 -9999 -9999 -9999 -9999 -9999 -9999 -9999
-448 -458 -459 -446 -418 -375 -313 -227 -138 -82 -67 -67 -55 -31 0 20 20 5 -24 -55 -67 -62 -59 -81 -118 -140 -116 -69 -33 -21 -37 -76 -123 -162 -179 -178 -188 -229 -295 -357 -392 -394 -369 -336 -294 -246 -226 -234 -260 -298 -328 -329 -300 -224 -127 -72 -84 -114 -120 -110 -102 -91 -67 -29 -9999 -2 -9999 -9999 -9999 -9999 -9999 -9999 -9999 -9999 -9999 -9999 -9999 -9999 -9999 -9999 -9999 -9999
-511 -519 -522 -518 -504 -473 -409 -311 -204 -126 -81 -54 -35 -19 -7 -6 -13 -26 -47 -61 -59 -49 -50 -75 -108 -112 -68 -13 22 29 11 -23 -60 -88 -103 -111 -130 -175 -240 -307 -357 -374 -361 -339 -308 -260 -206 -149 -147 -209 -275 -304 -300 -252 -171 -93 -64 -95 -122 -106 -71 -35 52 63 -7 -9999 -9999 -9999 -9999 -9999 -9999 -9999 -9999 -9999 -9999 -9999 -9999 -9999 -9999 -9999 -9999 -9999
-513 -519 -523 -525 -523 -503 -446 -356 -258 -176 -117 -80 -57 -44 -38 -37 -40 -50 -62 -69 -69 -64 -67 -86 -102 -84 -32 13 39 47 36 16 -7 -29 -48 -69 -97 -136 -182 -229 -276 -310 -324 -327 -314 -289 -232 -129 -85 -127 -207 -269 -292 -271 -223 -170 -123 -103 -98 -69 -27 -37 -110 -90 -9999 -9999 -9999 -9999 -9999 -9999 -9999 -9999 -9999 -9999 -9999 -9999 -9999 -9999 -9999 -9999 -9999 -9999
-472 -481 -485 -488 -488 -465 -418 -353 -274 -196 -137 -100 -79 -62 -52 -51 -58 -73 -88 -98 -101 -100 -105 -113 -110 -78 -34 -7 10 23 28 28 24 15 -3 -27 -59 -94 -131 -165 -204 -241 -270 -288 -293 -295 -248 -140 -68 -53 -75 -168 -231 -230 -215 -204 -185 -143 -80 -15 17 -8 -59 -80 -54 -9999 -9999 -9999 -9999 -9999 -9999 -9999 -9999 -9999 -9999 -9999 -9999 -9999 -9999 -9999 -9999 -9999
-415 -427 -429 -422 -405 -385 -366 -328 -264 -191 -137 -105 -85 -71 -68 -78 -96 -117 -131 -137 -137 -138 -144 -151 -142 -109 -80 -65 -51 -32 -13 9 31 40 36 20 -8 -46 -88 -122 -148 -168 -191 -224 -269 -308 -295 -214 -138 -60 8 -9 -97 -145 -174 -197 -203 -160 -64 19 39 -1 -51 -71 -79 -9999 -9999 -9999 -9999 -9999 -9999 -9999 -9999 -9999 -9999 -9999 -9999 -9999 -9999 -9999 -9999 -9999
-367 -369 -359 -341 -327 -328 -330 -305 -251 -190 -147 -122 -107 -105 -120 -145 -167 -180 -178 -167 -161 -169 -186 -201 -199 -176 -153 -140 -120 -92 -65 -28 12 38 47 46 28 -4 -45 -80 -102 -116 -136 -179 -255 -324 -341 -290 -205 -40 130 114 -4 -100 -161 -206 -220 -162 -53 20 23 -26 -83 -99 -9999 -9999 -9999 -9999 -9999 -9999 -9999 -9999 -9999 -9999 -9999 -9999 -9999 -9999 -9999 -9999 -9999 -9999
-290 -281 -275 -276 -289 -307 -316 -298 -257 -213 -180 -160 -154 -165 -190 -216 -225 -215 -188 -163 -165 -193 -229 -258 -264 -248 -228 -205 -176 -146 -114 -72 -25 7 26 35 30 11 -23 -60 -90 -113 -136 -174 -246 -328 -377 -344 -207 25 214 150 2 -123 -206 -264 -272 -195 -70 5 -6 -67 -143 -42 -29 -9999 -9999 -9999 -9999 -9999 -9999 -9999 -9999 -9999 -9999 -9999 -9999 -9999 -9999 -9999 -9999 -9999
-93 -121 -160 -208 -257 -296 -314 -304 -268 -226 -191 -170 -168 -182 -203 -210 -195 -166 -138 -132 -158 -207 -259 -297 -310 -298 -272 -241 -211 -184 -152 -109 -62 -30 -8 11 19 12 -13 -50 -86 -119 -156 -198 -253 -320 -386 -381 -241 -38 113 110 -2 -138 -245 -301 -298 -221 -96 -15 -22 -77 -134 -138 -83 -18 -33 -9999 -9999 -9999 -9999 -9999 -9999 -9999 -9999 -9999 -9999 -9999 -9999 -9999 -9999 -9999
186 131 44 -59 -158 -235 -274 -270 -231 -182 -142 -120 -116 -123 -122 -100 -70 -58 -74 -111 -160 -211 -257 -288 -299 -290 -266 -239 -222 -203 -172 -131 -91 -62 -39 -10 16 27 16 -21 -69 -115 -158 -205 -262 -324 -395 -432 -331 -147 0 72 30 -68 -183 -246 -259 -198 -91 -26 -31 -83 -148 -209 -109 -96 -9999 -9999 -9999 -9999 -9999 -9999 -9999 -9999 -9999 -9999 -9999 -9999 -9999 -9999 -9999 -9999
223 216 169 85 -18 -110 -165 -173 -147 -110 -78 -55 -40 -23 7 43 56 29 -26 -92 -148 -188 -214 -231 -239 -240 -233 -223 -217 -203 -175 -144 -116 -94 -74 -45 -9 18 27 3 -48 -100 -141 -185 -245 -313 -390 -449 -400 -251 -100 5 47 21 -75 -165 -199 -161 -80 -38 -39 -74 -122 -183 -213 -39 -9999 -9999 -9999 -9999 -9999 -9999 -9999 -9999 -9999 -9999 -9999 -9999 -9999 -9999 -9999 -9999
63 71 66 38 -8 -57 -87 -85 -61 -29 -1 26 54 89 122 133 107 55 -5 -58 -98 -126 -149 -166 -183 -199 -211 -212 -207 -191 -172 -156 -145 -139 -133 -118 -94 -62 -31 -22 -40 -71 -104 -141 -187 -242 -315 -390 -416 -355 -218 -103 -2 49 36 -59 -135 -151 -107 -71 -61 -53 -76 -115 -157 -124 -95 -9999 -9999 -9999 -9999 -9999 -9999 -9999 -9999 -9999 -9999 -9999 -9999 -9999 -9999 -9999
-66 -56 -47 -39 -31 -21 -5 21 50 72 92 115 142 160 155 121 74 30 -1 -19 -33 -54 -83 -114 -144 -174 -199 -211 -205 -187 -174 -173 -181 -188 -194 -199 -193 -169 -131 -93 -70 -68 -81 -103 -133 -170 -229 -312 -394 -427 -359 -256 -130 -19 45 11 -85 -153 -153 -119 -92 -58 -57 -90 -153 -171 -162 -9999 -9999 -9999 -9999 -9999 -9999 -9999 -9999 -9999 -9999 -9999 -9999 -9999 -9999 -9999
-66 -46 -29 -8 19 50 78 102 117 127 137 143 137 114 77 40 15 8 13 20 15 -5 -36 -71 -110 -153 -193 -219 -223 -209 -198 -202 -215 -222 -227 -232 -233 -222 -191 -148 -111 -91 -85 -87 -96 -128 -184 -259 -345 -403 -402 -342 -251 -130 -37 -10 -83 -155 -168 -132 -97 -62 -60 -105 -175 -210 -25 -9999 -9999 -9999 -9999 -9999 -9999 -9999 -9999 -9999 -9999 -9999 -9999 -9999 -9999 -9999
-31 -10 8 26 44 62 74 79 75 65 52 38 23 9 0 2 15 32 44 43 27 4 -23 -54 -91 -139 -191 -232 -250 -244 -229 -222 -220 -217 -212 -213 -216 -210 -192 -164 -137 -122 -109 -95 -90 -111 -161 -223 -283 -334 -371 -359 -308 -213 -126 -76 -107 -157 -152 -110 -83 -64 -61 -105 -151 -198 -167 -127 -9999 -9999 -9999 -9999 -9999 -9999 -9999 -9999 -9999 -9999 -9999 -9999 -9999 -9999
-67 -72 -71 -66 -59 -53 -50 -53 -62 -72 -78 -72 -50 -20 10 38 59 68 61 40 14 -12 -32 -51 -79 -123 -178 -228 -257 -257 -234 -210 -192 -180 -174 -175 -178 -175 -167 -157 -152 -152 -144 -124 -104 -106 -134 -177 -216 -267 -327 -363 -336 -255 -176 -133 -122 -144 -131 -109 -109 -106 -88 -104 -158 -216 -220 -213 -9999 -9999 -9999 -9999 -9999 -9999 -9999 -9999 -9999 -9999 -9999 -9999 -9999 -9999
-181 -195 -199 -194 -186 -176 -163 -148 -133 -118 -98 -70 -36 0 31 53 61 55 36 11 -15 -33 -40 -46 -63 -97 -144 -191 -223 -229 -213 -187 -164 -149 -144 -147 -150 -149 -147 -150 -156 -159 -153 -130 -92 -68 -79 -116 -165 -229 -304 -357 -346 -276 -209 -178 -136 -136 -139 -147 -170 -179 -155 -134 -163 -225 -234 -225 -9999 -9999 -9999 -9999 -9999 -9999 -9999 -9999 -9999 -9999 -9999 -9999 -9999 -9999
-228 -239 -241 -234 -220 -200 -173 -139 -104 -73 -50 -33 -18 -3 10 17 15 5 -11 -30 -43 -46 -40 -36 -46 -71 -107 -147 -180 -197 -194 -177 -153 -129 -114 -110 -116 -124 -132 -140 -145 -140 -122 -88 -40 -6 -17 -67 -132 -203 -274 -328 -330 -285 -256 -242 -174 -137 -150 -179 -219 -244 -232 -203 -195 -212 -209 -216 -9999 -9999 -9999 -9999 -9999 -9999 -9999 -9999 -9999 -9999 -9999 -9999 -9999 -9999
-204 -221 -230 -229 -218 -195 -163 -125 -87 -54 -30 -13 -7 -8 -12 -19 -27 -35 -43 -48 -51 -48 -41 -42 -55 -79 -109 -143 -176 -198 -202 -186 -156 -121 -93 -79 -82 -94 -107 -113 -110 -100 -81 -49 -6 27 19 -33 -102 -175 -245 -302 -314 -301 -320 -333 -262 -164 -139 -176 -244 -288 -289 -268 -252 -235 -213 -205 -9999 -9999 -9999 -9999 -9999 -9999 -9999 -9999 -9999 -9999 -9999 -9999 -9999 -9999
-198 -221 -238 -244 -236 -212 -175 -131 -86 -44 -11 9 15 8 -5 -18 -27 -30 -31 -34 -41 -51 -62 -75 -95 -119 -142 -161 -177 -188 -188 -177 -157 -132 -111 -98 -95 -98 -98 -91 -75 -61 -50 -36 -5 30 32 -13 -85 -161 -234 -282 -302 -322 -389 -429 -365 -230 -147 -162 -241 -297 -305 -285 -268 -262 -253 -17 -9999 -9999 -9999 -9999 -9999 -9999 -9999 -9999 -9999 -9999 -9999 -9999 -9999 -9999
-203 -225 -241 -245 -235 -207 -164 -113 -59 -12 19 30 23 11 6 9 13 12 7 -4 -25 -54 -84 -112 -136 -156 -169 -174 -170 -158 -142 -128 -121 -120 -121 -126 -131 -133 -125 -105 -80 -60 -51 -48 -25 18 37 1 -72 -151 -222 -274 -311 -356 -431 -485 -430 -291 -180 -161 -210 -250 -256 -239 -222 -228 -231 -148 -105 -9999 -9999 -9999 -9999 -9999 -9999 -9999 -9999 -9999 -9999 -9999 -9999 -9999
-175 -189 -196 -192 -178 -147 -103 -55 -12 14 18 5 -11 -9 14 41 53 47 30 6 -23 -61 -101 -136 -162 -179 -185 -178 -151 -110 -73 -54 -54 -66 -80 -96 -111 -123 -126 -118 -104 -85 -73 -70 -49 1 39 16 -52 -126 -199 -261 -317 -369 -431 -479 -440 -308 -187 -151 -166 -182 -187 -178 -164 -179 -200 -168 -66 -9999 -9999 -9999 -9999 -9999 -9999 -9999 -9999 -9999 -9999 -9999 -9999 -9999
-123 -127 -131 -131 -121 -96 -60 -26 -6 -4 -18 -34 -33 -6 33 63 68 51 21 -13 -47 -82 -117 -150 -174 -185 -180 -152 -105 -57 -25 -12 -18 -31 -43 -53 -64 -75 -86 -98 -106 -106 -100 -96 -73 -11 45 33 -31 -108 -189 -265 -330 -385 -434 -460 -421 -294 -176 -143 -137 -133 -137 -131 -119 -143 -177 -167 -88 -9999 -9999 -9999 -9999 -9999 -9999 -9999 -9999 -9999 -9999 -9999 -9999 -9999
-72 -84 -100 -108 -100 -74 -44 -22 -16 -22 -30 -23 0 33 61 72 65 41 4 -35 -72 -105 -134 -157 -168 -165 -143 -107 -74 -51 -39 -38 -39 -36 -32 -31 -35 -41 -54 -73 -96 -113 -122 -126 -98 -19 51 40 -28 -107 -191 -270 -338 -393 -434 -450 -405 -282 -175 -139 -115 -99 -98 -90 -82 -108 -152 -172 -176 -160 -9999 -9999 -9999 -9999 -9999 -9999 -9999 -9999 -9999 -9999 -9999 -9999
-62 -85 -99 -93 -72 -45 -22 -12 -10 -9 3 27 54 75 82 74 53 25 -11 -50 -89 -123 -147 -157 -150 -131 -109 -94 -89 -87 -81 -66 -45 -28 -19 -17 -20 -28 -43 -64 -91 -115 -134 -147 -121 -35 36 14 -64 -139 -208 -276 -342 -399 -437 -453 -416 -301 -193 -135 -106 -86 -78 -67 -60 -91 -152 -205 -189 -72 -9999 -9999 -9999 -9999 -9999 -9999 -9999 -9999 -9999 -9999 -9999 -9999
-77 -88 -81 -61 -40 -24 -17 -13 -4 14 42 71 90 96 85 64 34 2 -31 -65 -97 -124 -142 -144 -135 -123 -118 -118 -115 -97 -67 -39 -18 -8 -8 -14 -19 -25 -35 -49 -70 -97 -131 -162 -148 -71 -4 -24 -103 -176 -238 -308 -377 -426 -450 -464 -420 -276 -164 -145 -155 -152 -146 -121 -82 -97 -156 -222 -208 -113 -9999 -9999 -9999 -9999 -9999 -9999 -9999 -9999 -9999 -9999 -9999 -9999
