docs/data/Atlantic_V.asc
ncols        537
nrows        591
xllcorner    -15.208216669121
yllcorner    31.791844932009
cellsize     0.027778629380
NODATA_value -9999
[rows 216 to 251 of 591, columns 82 to 163 of 537]
138 136 130 121 103 80 56 41 40 44 44 35 17 0 -8 -11 -19 -29 -35 -33 -24 -13 -9 -20 -50 -88 -121 -140 -140 -124 -103 -77 -43 -13 1 -5 -24 -51 -79 -91 -77 -49 -16 17 45 56 43 2 -50 -97 -141 -185 -225 -256 -284 -314 -345 -370 -391 -410 -422 -419 -403 -372 -324 -260 -190 -120 -58 -9 20 32 41 56 90 132 152 142 117 83 43 -4
150 150 146 137 122 101 78 57 42 34 24 9 -11 -24 -25 -22 -28 -42 -51 -54 -52 -47 -44 -55 -86 -127 -160 -175 -168 -146 -118 -85 -56 -43 -49 -71 -98 -126 -148 -160 -166 -163 -144 -103 -44 12 48 56 40 4 -47 -104 -162 -215 -260 -302 -341 -378 -410 -432 -442 -435 -411 -368 -309 -239 -169 -106 -47 3 41 74 110 149 186 217 225 207 175 128 63 -13
151 152 149 144 138 125 104 78 54 34 18 3 -14 -25 -24 -17 -20 -33 -45 -53 -61 -68 -71 -78 -101 -138 -171 -179 -164 -133 -101 -77 -67 -73 -93 -121 -148 -165 -166 -159 -156 -163 -169 -152 -104 -47 -8 5 -2 -22 -48 -75 -106 -147 -195 -244 -288 -332 -376 -412 -432 -431 -406 -360 -294 -219 -144 -75 -16 38 85 134 175 202 213 212 198 179 153 107 37 -48
150 149 148 150 154 151 134 104 71 42 20 6 -3 -10 -10 -5 -7 -17 -28 -41 -60 -79 -89 -88 -95 -122 -153 -158 -135 -98 -66 -52 -54 -65 -85 -107 -125 -131 -125 -113 -104 -100 -102 -97 -70 -32 -2 2 -22 -63 -103 -122 -115 -100 -111 -146 -190 -239 -290 -338 -373 -388 -377 -340 -280 -206 -127 -49 23 88 140 175 190 187 170 147 125 108 81 32 -38 -113
143 143 144 152 165 169 155 127 90 53 24 9 6 6 7 8 3 -7 -19 -33 -59 -89 -107 -102 -91 -99 -121 -126 -101 -59 -24 -6 -5 -15 -31 -49 -64 -78 -87 -90 -90 -88 -84 -73 -45 -2 34 43 16 -37 -90 -122 -120 -89 -57 -58 -100 -155 -210 -257 -297 -321 -324 -299 -251 -187 -112 -31 52 119 163 179 172 153 128 103 75 40 -8 -65 -123 -169
120 123 127 137 152 159 153 131 98 58 26 10 9 16 21 21 11 -3 -18 -35 -62 -100 -127 -122 -94 -77 -84 -89 -66 -24 17 42 50 44 31 11 -14 -41 -69 -87 -98 -102 -101 -89 -55 -6 35 48 31 -6 -44 -71 -80 -70 -50 -43 -66 -116 -171 -217 -250 -269 -270 -250 -209 -154 -89 -16 58 118 146 146 129 108 85 56 13 -46 -107 -157 -184 -194
96 97 99 106 117 124 124 114 90 57 26 9 8 16 25 27 18 2 -17 -37 -66 -108 -142 -142 -102 -60 -49 -53 -39 -4 36 66 79 80 70 48 16 -24 -63 -91 -113 -129 -135 -120 -77 -17 32 49 37 13 -10 -23 -30 -36 -46 -62 -86 -119 -157 -188 -208 -217 -212 -197 -167 -124 -70 -11 45 84 99 94 76 54 26 -15 -73 -138 -195 -221 -224 -221
82 83 81 82 85 90 93 92 79 53 24 6 2 10 19 23 20 7 -12 -34 -63 -103 -143 -152 -116 -62 -35 -35 -29 -3 32 61 79 86 81 61 22 -28 -74 -109 -136 -156 -164 -142 -77 4 59 67 46 20 -1 -13 -19 -29 -43 -62 -83 -106 -130 -151 -165 -168 -162 -150 -131 -104 -67 -26 10 34 43 38 23 -2 -37 -84 -133 -178 -212 -235 -252 -263
83 87 87 84 81 79 81 82 74 54 26 4 -4 0 10 16 17 9 -8 -27 -49 -83 -124 -149 -135 -88 -51 -38 -30 -12 15 40 57 66 64 44 0 -56 -107 -143 -165 -176 -170 -130 -48 40 88 85 51 9 -23 -39 -47 -54 -64 -74 -79 -85 -96 -112 -129 -140 -143 -137 -125 -107 -86 -68 -56 -49 -43 -45 -59 -87 -123 -153 -165 -159 -157 -179 -217 -250
89 103 109 109 102 95 92 89 81 65 41 17 1 1 9 16 18 13 -1 -17 -31 -57 -99 -143 -157 -133 -91 -58 -41 -27 -10 4 14 22 23 4 -40 -101 -155 -189 -198 -190 -166 -117 -45 25 61 54 14 -35 -69 -80 -77 -73 -75 -80 -82 -79 -77 -82 -96 -117 -135 -144 -141 -131 -124 -126 -131 -132 -133 -143 -169 -199 -221 -224 -208 -183 -166 -167 -188 -218
94 117 131 137 134 126 119 111 103 89 68 43 21 17 23 29 33 27 14 0 -13 -36 -81 -139 -178 -177 -139 -92 -60 -43 -37 -37 -36 -27 -22 -38 -85 -150 -207 -234 -230 -206 -173 -130 -74 -12 36 46 12 -39 -76 -87 -79 -65 -58 -61 -68 -71 -71 -70 -76 -92 -116 -137 -147 -150 -153 -162 -175 -191 -212 -241 -270 -292 -302 -301 -292 -285 -282 -286 -297 -313
99 126 147 161 166 163 155 146 136 123 103 79 56 46 47 52 54 49 36 20 3 -23 -70 -133 -188 -206 -181 -129 -83 -59 -59 -70 -73 -60 -52 -72 -125 -192 -244 -260 -241 -210 -177 -142 -94 -25 48 90 80 30 -24 -55 -57 -41 -28 -31 -45 -66 -84 -94 -100 -106 -114 -125 -136 -144 -152 -169 -200 -240 -279 -312 -334 -351 -366 -378 -390 -402 -413 -422 -429 -437
111 140 165 185 196 198 192 184 175 161 142 117 92 75 71 70 70 67 55 38 16 -14 -60 -122 -184 -219 -211 -165 -112 -81 -82 -93 -90 -69 -63 -92 -155 -228 -273 -270 -232 -189 -155 -126 -88 -25 59 129 151 107 30 -31 -53 -46 -35 -39 -62 -95 -128 -151 -160 -158 -149 -140 -137 -142 -158 -190 -235 -281 -317 -335 -348 -366 -390 -417 -444 -469 -487 -498 -501 -504
132 163 190 208 218 219 218 217 211 196 175 149 122 100 86 78 73 70 60 46 24 -6 -49 -105 -169 -217 -227 -195 -144 -107 -103 -108 -96 -66 -56 -91 -164 -244 -293 -280 -222 -156 -112 -92 -76 -34 44 132 176 142 52 -30 -68 -72 -67 -70 -88 -117 -152 -181 -195 -193 -181 -169 -164 -170 -191 -224 -259 -285 -294 -297 -311 -337 -367 -401 -437 -468 -490 -501 -505 -508
159 189 210 221 226 230 235 237 233 220 197 170 144 120 100 83 71 62 54 42 24 -2 -38 -88 -147 -201 -227 -211 -169 -132 -120 -116 -94 -56 -38 -69 -136 -213 -270 -273 -221 -141 -68 -35 -37 -29 33 132 202 185 95 1 -52 -68 -71 -74 -85 -106 -137 -166 -186 -195 -197 -198 -200 -209 -224 -238 -243 -236 -223 -222 -245 -282 -325 -368 -405 -434 -451 -457 -460 -464
180 206 220 225 229 234 240 246 243 230 207 180 155 133 112 91 71 55 43 33 19 -1 -30 -72 -125 -178 -212 -209 -177 -141 -122 -110 -80 -37 -11 -31 -84 -146 -197 -214 -188 -131 -57 6 24 20 61 162 254 269 195 91 19 -18 -37 -48 -57 -70 -95 -126 -155 -180 -201 -217 -229 -237 -242 -237 -213 -172 -141 -144 -175 -220 -270 -318 -353 -375 -386 -392 -395 -403
187 209 221 225 226 232 240 246 244 230 207 178 152 132 113 93 71 51 37 27 16 1 -23 -57 -103 -153 -188 -193 -169 -134 -109 -89 -55 -8 26 20 -16 -62 -99 -111 -91 -52 1 60 100 108 134 216 314 355 309 210 118 56 15 -7 -12 -22 -48 -83 -120 -157 -190 -213 -228 -233 -231 -214 -172 -111 -64 -59 -93 -146 -202 -254 -296 -324 -340 -350 -358 -363
174 192 202 208 214 222 231 236 232 218 194 165 135 111 94 78 61 46 34 26 17 6 -13 -42 -81 -126 -160 -170 -152 -120 -93 -68 -33 17 59 68 51 19 -6 -8 18 62 106 145 175 186 196 252 340 398 386 305 200 112 51 22 13 2 -29 -72 -113 -150 -181 -204 -217 -218 -211 -191 -153 -98 -45 -14 -16 -52 -105 -158 -206 -248 -279 -298 -305 -300
142 156 169 182 194 204 210 211 204 189 166 135 102 76 57 45 35 28 25 23 20 10 -6 -30 -61 -99 -132 -147 -135 -108 -81 -54 -20 25 67 90 88 71 55 59 92 140 184 214 228 225 216 244 317 383 401 355 257 151 74 34 19 3 -35 -85 -130 -165 -196 -222 -237 -238 -228 -209 -181 -142 -99 -60 -26 -1 4 -5 -16 -27 -40 -52 -64 -75
100 115 132 150 163 173 176 174 165 148 124 94 62 34 14 4 0 2 7 14 18 14 0 -23 -49 -79 -107 -122 -116 -94 -69 -48 -24 6 45 78 93 89 86 97 131 181 227 256 262 246 219 218 265 329 364 354 290 197 115 67 39 9 -37 -95 -152 -198 -237 -269 -289 -289 -273 -249 -222 -192 -158 -115 -58 8 57 79 89 104 126 154 184 200
59 76 94 110 122 130 134 132 124 108 86 58 30 3 -17 -27 -29 -25 -16 -5 5 6 -3 -22 -45 -70 -90 -101 -94 -75 -57 -45 -37 -24 6 47 79 92 99 116 150 199 247 278 286 266 229 204 221 267 305 318 295 236 167 112 68 18 -43 -109 -175 -230 -270 -292 -294 -275 -251 -233 -219 -197 -150 -80 -8 50 89 111 123 131 140 155 177 204
26 43 57 68 77 85 92 95 93 84 67 44 19 -6 -27 -40 -45 -44 -40 -34 -26 -21 -23 -35 -54 -74 -89 -93 -85 -69 -54 -49 -51 -51 -32 7 51 80 97 117 151 197 241 271 280 264 226 191 184 207 240 259 256 224 173 123 77 20 -50 -122 -186 -234 -265 -273 -262 -244 -233 -234 -233 -213 -164 -107 -61 -33 -14 -1 6 11 14 19 31 47
0 15 26 35 42 51 60 71 77 77 69 51 27 -1 -26 -46 -57 -61 -63 -64 -64 -63 -62 -67 -77 -91 -102 -105 -98 -85 -73 -67 -68 -70 -61 -31 10 47 73 98 131 172 206 227 232 219 192 161 143 145 164 184 186 166 136 109 83 46 -12 -80 -139 -179 -204 -217 -226 -241 -261 -278 -284 -270 -244 -217 -197 -185 -178 -173 -166 -154 -139 -121 -101 -81
-23 -10 0 8 16 26 38 52 66 75 75 63 39 8 -25 -53 -73 -83 -86 -88 -92 -96 -99 -101 -106 -111 -118 -122 -119 -111 -99 -89 -81 -80 -74 -58 -31 -1 27 57 93 129 156 167 164 153 138 119 102 91 87 98 108 105 91 84 83 76 52 8 -42 -81 -107 -129 -158 -193 -231 -261 -279 -287 -288 -286 -282 -276 -267 -255 -238 -214 -185 -153 -121 -91
-50 -38 -28 -19 -10 1 14 29 46 60 67 62 42 10 -27 -63 -91 -107 -112 -110 -107 -108 -112 -116 -120 -123 -125 -128 -128 -124 -115 -103 -95 -91 -90 -84 -72 -50 -24 6 42 77 103 112 103 88 78 70 61 48 31 24 32 46 50 45 49 54 54 36 1 -36 -67 -95 -128 -163 -195 -221 -243 -263 -279 -288 -286 -271 -247 -221 -195 -168 -140 -111 -83 -55
-73 -65 -56 -47 -37 -25 -12 2 16 30 39 40 27 2 -31 -66 -97 -118 -128 -127 -120 -111 -106 -106 -111 -117 -122 -127 -130 -129 -126 -124 -121 -121 -122 -120 -113 -96 -71 -39 -4 31 61 73 64 45 30 22 19 12 1 -12 -15 -7 11 18 12 8 6 -1 -14 -33 -52 -75 -104 -135 -159 -179 -196 -211 -219 -213 -195 -167 -134 -103 -75 -58 -51 -51 -54 -60
-86 -79 -73 -67 -57 -46 -33 -20 -10 -1 5 5 -1 -17 -40 -66 -90 -110 -123 -128 -125 -118 -108 -101 -99 -102 -111 -121 -130 -138 -144 -149 -154 -157 -157 -154 -145 -128 -103 -72 -38 -6 24 44 41 25 9 -2 -8 -12 -19 -26 -30 -27 -20 -7 -2 -9 -17 -19 -10 10 32 40 24 -13 -54 -88 -110 -117 -106 -82 -53 -24 0 10 5 -16 -47 -84 -121 -155
-94 -82 -72 -63 -53 -42 -31 -23 -18 -19 -21 -26 -32 -42 -56 -69 -82 -94 -102 -109 -113 -114 -112 -109 -108 -110 -116 -126 -137 -148 -160 -172 -180 -184 -184 -179 -169 -151 -128 -101 -74 -50 -25 -3 3 -3 -9 -16 -26 -36 -46 -51 -49 -40 -33 -34 -37 -36 -33 -22 4 52 112 157 162 131 73 15 -21 -26 -8 17 39 56 57 38 1 -43 -89 -131 -172 -206
-96 -76 -57 -41 -27 -15 -6 -1 -3 -12 -25 -39 -53 -63 -72 -77 -78 -76 -73 -71 -74 -79 -88 -99 -110 -120 -130 -141 -153 -167 -180 -192 -201 -206 -208 -206 -199 -186 -166 -149 -133 -117 -95 -74 -63 -59 -57 -59 -69 -84 -97 -101 -94 -77 -64 -62 -71 -79 -75 -58 -26 28 101 173 213 209 172 122 82 64 65 73 83 86 79 57 23 -20 -65 -107 -145 -178
-84 -59 -34 -14 0 10 16 18 15 4 -15 -36 -58 -76 -87 -89 -82 -67 -47 -29 -21 -23 -34 -52 -71 -93 -113 -133 -152 -171 -188 -202 -214 -222 -229 -234 -235 -228 -217 -208 -200 -183 -160 -139 -127 -121 -119 -124 -136 -151 -161 -162 -150 -130 -112 -100 -99 -104 -105 -97 -75 -32 32 103 163 200 213 204 177 146 124 108 99 95 94 83 51 3 -48 -96 -136 -170
-54 -30 -7 11 21 25 27 26 22 11 -5 -28 -52 -76 -94 -100 -89 -63 -27 6 27 33 25 10 -9 -30 -52 -76 -102 -128 -152 -172 -189 -205 -222 -237 -245 -247 -246 -246 -238 -218 -189 -163 -150 -150 -157 -174 -197 -215 -222 -213 -192 -165 -143 -129 -121 -116 -106 -91 -71 -43 -5 38 83 130 175 210 209 175 131 97 85 96 110 93 39 -22 -79 -124 -156 -180
-17 0 18 35 45 47 42 32 22 10 -4 -21 -42 -65 -86 -95 -86 -59 -17 27 59 76 78 71 60 46 29 7 -17 -43 -68 -93 -117 -142 -167 -189 -208 -223 -237 -245 -240 -217 -185 -156 -141 -143 -155 -178 -205 -222 -219 -200 -170 -140 -120 -110 -105 -94 -71 -39 -14 1 13 26 47 80 126 163 164 127 80 60 85 132 150 112 42 -25 -77 -112 -136 -155
13 24 38 50 59 61 54 41 24 8 -6 -20 -34 -50 -65 -75 -71 -50 -15 28 68 97 114 121 119 112 99 83 62 39 14 -10 -35 -61 -86 -112 -137 -165 -193 -212 -213 -195 -166 -141 -123 -114 -117 -128 -137 -129 -112 -90 -69 -50 -39 -40 -42 -32 -2 33 51 44 28 19 26 53 85 95 76 44 37 76 151 204 195 140 74 12 -38 -75 -99 -113
39 47 53 56 57 54 49 40 29 14 -2 -17 -30 -42 -50 -54 -51 -39 -16 17 55 90 119 138 146 145 134 120 102 81 59 39 19 1 -17 -38 -65 -95 -125 -148 -156 -148 -134 -118 -99 -82 -74 -68 -51 -20 11 29 40 45 40 22 8 14 41 67 65 34 0 -16 -9 11 22 14 7 23 77 159 222 224 180 127 75 31 -11 -44 -60 -66
65 70 70 63 53 42 35 32 31 25 12 -6 -24 -39 -48 -50 -48 -38 -22 1 30 62 94 120 135 139 134 121 104 84 64 46 34 26 19 9 -8 -30 -51 -68 -79 -87 -92 -92 -86 -77 -67 -53 -27 6 37 58 68 65 48 20 0 3 24 41 23 -22 -60 -72 -63 -49 -37 -19 23 89 162 208 206 171 133 100 74 51 26 3 -18 -38
80 84 80 67 51 38 33 34 39 41 32 10 -14 -36 -53 -59 -58 -51 -38 -21 1 27 55 82 101 111 111 102 87 67 47 31 21 18 19 19 15 6 -4 -15 -29 -50 -74 -95 -108 -111 -103 -85 -60 -32 -7 11 18 13 -5 -33 -54 -51 -32 -21 -37 -79 -112 -117 -99 -72 -32 25 90 142 165 158 135 112 97 89 84 78 63 34 -7 -48
