docs/data/Atlantic_U.asc
ncols        537
nrows        591
xllcorner    -15.208216669121
yllcorner    31.791844932009
cellsize     0.027778629380
NODATA_value -9999
[rows 259 to 295 of 591, columns 83 to 165 of 537]
-164 -158 -148 -132 -111 -87 -65 -47 -38 -35 -33 -31 -28 -25 -25 -30 -39 -52 -64 -70 -68 -62 -66 -87 -113 -134 -146 -153 -157 -155 -141 -111 -71 -37 -18 -12 -11 -5 10 35 61 74 68 44 2 -58 -116 -153 -165 -161 -163 -189 -227 -250 -240 -197 -129 -53 8 44 61 65 58 51 37 -3 -61 -111 -136 -141 -145 -155 -170 -176 -174 -177 -194 -229 -275 -313 -333 -338 -338
-188 -182 -170 -154 -130 -102 -74 -49 -30 -23 -19 -17 -15 -6 1 3 -2 -13 -24 -31 -34 -36 -50 -78 -110 -134 -152 -165 -170 -161 -138 -102 -61 -30 -20 -23 -26 -20 -3 26 57 75 70 44 -3 -61 -112 -141 -149 -146 -150 -170 -193 -202 -194 -164 -111 -43 16 51 60 39 2 -18 -28 -51 -88 -124 -151 -170 -186 -201 -211 -210 -205 -209 -231 -270 -315 -349 -359 -353 -344
-211 -202 -189 -171 -146 -116 -83 -50 -23 -7 -1 0 -1 2 10 15 14 8 -1 -10 -17 -29 -54 -92 -129 -155 -168 -168 -155 -126 -89 -55 -25 -9 -17 -37 -48 -42 -21 13 48 70 69 43 -3 -57 -104 -131 -140 -141 -150 -166 -173 -171 -163 -142 -98 -38 11 32 21 -21 -64 -83 -89 -100 -121 -147 -173 -195 -215 -229 -235 -230 -223 -232 -257 -294 -331 -354 -352 -340 -329
-222 -218 -206 -185 -156 -122 -87 -52 -20 1 11 13 8 3 2 6 9 8 4 -3 -13 -33 -66 -108 -146 -163 -158 -134 -95 -49 -8 15 26 25 4 -34 -58 -57 -40 -6 29 52 55 34 -5 -52 -97 -129 -140 -145 -155 -164 -158 -146 -138 -121 -82 -33 -2 -5 -38 -82 -117 -134 -137 -143 -160 -184 -208 -227 -240 -246 -244 -234 -225 -232 -255 -285 -314 -331 -333 -328 -316
-210 -215 -212 -194 -162 -122 -83 -51 -22 0 11 11 3 -8 -18 -20 -16 -10 -7 -11 -21 -40 -68 -104 -133 -138 -118 -77 -26 22 53 61 56 44 22 -17 -51 -62 -52 -26 5 25 27 11 -16 -52 -95 -131 -146 -150 -154 -151 -136 -116 -103 -87 -60 -29 -23 -53 -97 -133 -157 -171 -173 -176 -195 -223 -247 -259 -259 -249 -234 -217 -209 -214 -230 -254 -282 -306 -319 -320 -306
-180 -194 -203 -196 -166 -121 -77 -43 -20 -5 1 -4 -15 -31 -47 -56 -54 -44 -32 -29 -36 -47 -64 -84 -103 -103 -82 -43 1 36 55 55 45 36 22 -8 -43 -59 -58 -42 -20 -8 -11 -23 -38 -62 -96 -131 -150 -150 -141 -127 -102 -74 -53 -39 -27 -23 -49 -99 -144 -168 -187 -201 -202 -203 -222 -253 -277 -282 -268 -241 -214 -193 -185 -188 -201 -223 -253 -281 -295 -293 -281
-143 -162 -180 -184 -164 -124 -75 -35 -14 -8 -11 -22 -40 -59 -80 -94 -96 -85 -67 -56 -56 -59 -63 -69 -79 -83 -72 -44 -11 13 24 25 20 17 12 -6 -34 -54 -61 -55 -45 -42 -49 -56 -62 -73 -94 -120 -137 -136 -119 -96 -68 -35 -4 13 10 -15 -68 -129 -171 -194 -214 -229 -229 -226 -241 -271 -294 -295 -271 -232 -193 -166 -155 -155 -165 -186 -214 -241 -252 -245 -233
-110 -130 -151 -161 -154 -122 -76 -34 -10 -7 -18 -35 -57 -81 -104 -123 -130 -123 -104 -86 -78 -74 -71 -67 -70 -78 -78 -62 -39 -24 -11 -4 2 7 6 -1 -24 -45 -62 -71 -70 -72 -78 -81 -81 -81 -87 -99 -111 -111 -97 -73 -44 -11 27 50 40 -2 -69 -134 -180 -211 -237 -254 -250 -241 -249 -276 -299 -299 -271 -225 -174 -134 -109 -100 -105 -125 -154 -183 -197 -191 -175
-80 -101 -121 -135 -135 -116 -81 -41 -12 -4 -12 -32 -57 -85 -111 -136 -151 -151 -135 -114 -98 -90 -84 -77 -75 -81 -85 -82 -72 -63 -50 -36 -18 0 5 4 -9 -33 -63 -89 -99 -100 -100 -97 -94 -89 -83 -82 -88 -94 -87 -66 -37 -4 39 64 56 15 -53 -122 -176 -216 -250 -271 -268 -254 -251 -267 -289 -293 -266 -214 -152 -96 -56 -33 -28 -39 -64 -95 -121 -129 -117
-54 -77 -96 -109 -114 -106 -82 -49 -17 1 2 -12 -36 -68 -101 -132 -155 -164 -157 -138 -119 -106 -100 -95 -87 -88 -92 -100 -104 -105 -94 -77 -50 -16 -1 2 -4 -27 -66 -104 -122 -120 -111 -106 -105 -100 -87 -77 -78 -84 -80 -63 -39 -9 30 55 56 30 -22 -85 -143 -194 -240 -275 -287 -278 -267 -266 -274 -272 -246 -195 -133 -74 -23 14 35 40 30 6 -24 -46 -49
-28 -54 -76 -88 -93 -91 -78 -51 -18 9 20 15 -4 -36 -74 -112 -142 -161 -165 -154 -138 -125 -118 -115 -105 -96 -99 -114 -132 -142 -134 -120 -92 -47 -18 -11 -15 -34 -71 -112 -131 -126 -114 -111 -114 -108 -93 -78 -70 -70 -66 -58 -44 -25 4 27 36 33 12 -28 -76 -129 -190 -248 -287 -299 -293 -283 -273 -255 -221 -174 -124 -71 -16 34 72 93 98 88 68 47 33
-2 -28 -52 -66 -72 -70 -62 -43 -13 18 38 41 28 0 -37 -77 -113 -138 -155 -157 -151 -143 -136 -133 -121 -106 -105 -124 -153 -172 -170 -159 -138 -91 -51 -36 -39 -53 -81 -112 -125 -119 -110 -110 -110 -104 -89 -73 -61 -54 -51 -54 -52 -44 -25 -6 8 21 27 17 -8 -48 -108 -182 -250 -291 -301 -292 -274 -243 -203 -164 -123 -73 -14 45 94 126 142 145 139 127 110
22 -1 -23 -39 -44 -41 -35 -24 -1 29 52 60 53 33 1 -35 -70 -99 -122 -138 -146 -148 -147 -145 -133 -115 -107 -127 -164 -194 -200 -193 -180 -141 -97 -71 -69 -79 -95 -109 -110 -102 -92 -83 -78 -74 -67 -59 -50 -45 -44 -52 -57 -56 -47 -34 -19 -1 21 37 37 17 -26 -95 -175 -237 -266 -266 -246 -215 -179 -146 -109 -62 -2 59 111 149 169 178 180 174 156
37 20 3 -10 -12 -5 2 9 20 42 64 76 73 59 37 8 -23 -51 -75 -98 -118 -133 -144 -150 -143 -124 -111 -126 -164 -204 -218 -217 -214 -189 -146 -116 -105 -105 -105 -99 -83 -65 -43 -25 -18 -21 -29 -34 -36 -37 -42 -49 -53 -57 -57 -50 -39 -18 9 40 60 60 35 -16 -85 -146 -180 -184 -167 -143 -118 -97 -71 -35 13 67 117 154 176 191 199 195 175
44 35 25 18 21 33 43 48 51 62 81 94 95 87 70 47 22 -2 -26 -50 -75 -103 -128 -146 -147 -132 -117 -123 -156 -201 -225 -228 -232 -222 -188 -157 -136 -121 -103 -79 -51 -21 7 27 36 32 16 -3 -17 -26 -35 -39 -41 -48 -56 -59 -51 -31 -2 33 62 72 60 26 -21 -59 -74 -70 -55 -38 -26 -21 -14 0 29 68 108 141 167 189 206 205 185
49 45 43 44 52 66 80 85 85 90 105 119 125 120 105 82 57 35 13 -9 -35 -67 -101 -129 -141 -133 -119 -118 -143 -186 -217 -226 -232 -231 -207 -176 -150 -127 -98 -67 -33 -2 27 52 68 72 57 29 3 -15 -25 -28 -30 -38 -52 -64 -60 -43 -18 14 40 50 41 20 3 3 14 30 43 51 54 52 51 57 69 88 110 133 157 183 203 207 193
57 55 58 65 76 92 107 115 117 122 136 152 161 159 141 112 83 59 40 20 -3 -30 -62 -92 -112 -113 -107 -107 -127 -162 -196 -212 -217 -217 -203 -175 -146 -121 -93 -60 -26 9 43 71 92 99 89 58 20 -7 -20 -23 -27 -36 -51 -68 -69 -55 -35 -13 2 2 -6 -5 16 47 76 96 107 110 110 109 112 120 129 134 135 139 148 162 175 182 179
68 64 69 78 89 104 122 136 146 156 172 188 197 193 172 141 109 85 68 52 32 9 -16 -42 -62 -70 -74 -82 -99 -126 -158 -180 -187 -186 -177 -158 -134 -107 -77 -39 4 47 83 105 114 115 104 76 34 -4 -24 -31 -35 -42 -55 -67 -70 -61 -48 -40 -40 -47 -41 -14 30 73 109 133 146 152 154 155 160 168 174 174 166 153 142 136 132 131 132
73 66 71 79 90 105 125 147 168 187 205 220 228 221 200 171 142 123 110 98 81 58 35 12 -8 -18 -22 -33 -50 -72 -96 -119 -135 -140 -136 -125 -106 -81 -47 -2 48 93 123 135 129 118 104 80 39 -5 -37 -50 -48 -48 -50 -55 -58 -57 -57 -61 -70 -66 -40 4 52 97 135 163 180 188 191 190 190 189 189 185 175 157 137 115 98 88 84
71 64 68 77 89 102 121 147 176 204 226 242 246 239 223 200 177 161 153 147 135 114 88 65 44 32 28 24 12 -4 -18 -34 -53 -70 -77 -74 -63 -43 -12 29 71 107 130 135 126 109 92 68 34 -8 -43 -59 -56 -46 -38 -35 -39 -46 -53 -58 -54 -35 -1 42 85 126 161 188 206 215 216 210 202 191 181 172 162 147 125 101 76 59 46
70 63 66 75 87 99 115 138 169 201 226 242 246 243 234 220 205 192 186 185 181 166 142 115 93 77 72 71 65 55 49 48 38 19 -1 -11 -10 -2 17 40 66 88 104 112 109 98 84 65 41 9 -22 -41 -43 -38 -30 -28 -30 -30 -26 -15 0 23 53 87 123 156 186 209 222 226 222 213 200 184 168 154 143 129 110 87 61 36 11
73 66 66 73 83 93 104 122 147 177 203 220 228 229 229 225 218 211 206 206 206 199 180 155 133 115 108 109 107 98 91 94 97 88 67 47 35 29 30 36 47 58 68 76 84 89 90 85 73 50 19 -9 -30 -42 -48 -49 -43 -28 -9 13 34 56 82 112 143 170 195 212 222 225 220 212 200 182 162 143 127 111 93 71 45 14 -20
75 67 64 69 77 85 91 101 117 138 161 180 192 200 207 212 215 213 211 211 210 206 195 177 159 143 135 136 139 132 120 113 113 109 94 73 53 39 29 27 31 34 36 42 55 74 93 104 102 85 53 13 -27 -58 -74 -73 -56 -31 -4 22 44 66 91 118 146 172 194 211 224 231 233 227 213 191 162 135 111 92 74 56 31 -2 -43
74 68 63 64 69 75 78 81 86 98 115 133 149 162 174 184 193 197 198 198 197 195 190 182 170 159 153 154 159 158 144 126 113 102 88 67 46 31 23 21 23 22 21 22 34 55 79 96 99 86 59 22 -19 -49 -60 -49 -23 8 38 63 83 102 122 143 164 184 201 215 226 234 237 233 216 187 151 116 93 78 68 57 37 6 -34
89 82 72 67 67 69 70 68 67 71 82 96 111 124 135 146 155 163 168 171 172 172 173 172 168 163 161 165 172 175 165 142 117 93 70 49 31 20 16 18 20 21 21 25 35 51 69 83 86 77 59 35 11 0 7 32 65 98 126 146 159 167 173 179 185 189 193 196 200 204 206 202 186 157 123 96 83 81 84 84 74 53 19
124 114 97 82 73 71 71 69 69 70 75 82 90 96 101 106 112 120 128 135 139 142 148 154 158 159 162 169 179 185 181 160 128 94 63 38 19 10 9 14 18 20 25 34 47 64 80 94 105 108 105 99 95 97 111 133 159 183 202 213 213 206 196 185 174 165 156 150 146 147 150 149 140 123 104 91 91 101 113 121 120 101 66
155 145 123 100 85 78 78 81 85 89 89 88 84 78 74 72 74 80 90 98 103 109 117 128 139 148 156 167 180 189 189 172 144 111 77 46 21 6 1 3 9 15 24 36 52 68 84 101 117 130 137 142 147 152 162 175 193 212 228 235 229 213 193 171 151 133 116 102 94 94 101 108 111 111 109 110 117 130 139 141 132 104 59
167 161 140 115 96 88 89 94 102 106 105 97 81 64 52 46 46 50 56 62 67 73 83 98 114 129 142 154 169 182 186 178 160 135 105 72 40 16 2 -2 1 10 21 34 49 65 81 97 112 124 132 136 140 149 162 180 203 227 247 256 248 226 198 168 143 120 98 79 68 68 78 92 108 119 127 134 140 143 139 125 96 55 5
163 166 151 127 109 99 98 102 109 114 111 97 74 50 33 26 25 26 26 26 28 34 46 61 81 100 115 129 145 161 176 180 172 151 122 91 61 36 17 7 6 12 22 33 46 63 82 103 122 136 142 143 146 154 170 195 225 256 278 286 277 253 220 187 155 129 103 82 70 70 82 99 116 130 137 140 137 126 103 71 30 -14 -53
149 163 160 143 123 110 104 105 109 111 106 90 64 36 15 6 3 2 -2 -8 -8 -2 8 22 40 59 76 95 114 136 160 176 171 145 113 87 69 53 38 26 20 22 29 38 52 74 101 131 159 177 183 180 177 184 202 229 261 290 308 312 302 278 247 213 181 151 123 102 90 90 101 116 128 132 131 122 107 81 48 6 -32 -63 -82
136 160 168 158 138 119 107 103 104 103 95 77 52 24 1 -11 -17 -23 -30 -37 -40 -37 -30 -20 -6 12 35 59 83 107 130 147 143 119 92 77 72 67 58 47 41 43 49 59 75 99 131 164 194 210 211 204 199 205 222 245 271 294 305 305 296 279 257 232 204 175 147 127 119 120 126 130 128 119 104 85 56 21 -17 -53 -76 -84 -79
124 154 170 167 150 130 115 107 102 96 83 64 44 23 4 -11 -25 -39 -53 -63 -68 -68 -64 -57 -47 -28 -2 25 47 63 80 97 107 102 90 83 80 77 69 62 59 62 69 76 87 105 128 153 172 179 175 169 170 181 197 216 235 253 263 267 267 263 253 238 215 187 160 141 132 127 122 112 98 81 62 35 -2 -42 -74 -93 -93 -80 -61
104 132 153 161 156 145 132 120 107 93 76 58 44 34 24 7 -17 -43 -66 -82 -90 -93 -92 -89 -80 -59 -33 -12 0 13 34 65 95 110 108 99 89 78 67 58 55 58 61 62 64 71 84 98 106 107 106 110 122 139 155 171 186 203 218 229 236 240 238 225 200 169 140 119 105 93 78 61 45 31 13 -13 -51 -86 -102 -98 -82 -65 -49
71 93 118 137 150 153 146 133 116 99 81 66 57 55 50 32 0 -36 -68 -90 -103 -111 -116 -117 -108 -89 -69 -54 -39 -13 24 66 102 120 117 101 79 58 44 37 38 44 46 43 40 41 46 52 57 61 67 78 93 109 121 131 142 156 170 182 190 194 190 174 144 109 80 59 45 30 11 -7 -17 -20 -26 -41 -66 -84 -82 -68 -55 -51 -51
36 49 72 100 124 138 141 134 124 113 100 88 80 78 72 53 19 -20 -55 -83 -106 -125 -140 -147 -141 -124 -103 -78 -45 -4 38 76 101 107 96 74 50 31 21 24 34 43 47 44 36 31 30 32 36 38 41 49 59 67 72 77 85 95 105 115 121 121 113 95 67 37 13 -2 -12 -23 -37 -47 -48 -39 -30 -26 -26 -22 -10 -5 -13 -36 -57
17 21 36 60 87 107 120 125 128 126 120 109 99 92 84 66 38 5 -29 -65 -102 -137 -165 -179 -174 -153 -119 -76 -30 12 44 65 74 71 63 50 34 20 14 18 28 37 39 32 20 10 3 0 -2 -6 -9 -6 0 5 8 12 18 24 30 37 42 44 41 29 10 -9 -20 -20 -15 -11 -11 -8 1 15 32 48 64 79 86 75 40 -8 -44
30 28 37 53 75 96 115 127 133 134 129 116 103 93 85 74 56 29 -5 -45 -94 -144 -182 -199 -192 -162 -116 -65 -20 12 29 35 37 40 44 39 27 9 -6 -11 -8 -4 -3 -10 -23 -36 -46 -54 -62 -70 -74 -70 -61 -53 -48 -46 -44 -42 -40 -34 -23 -11 -3 -2 -8 -11 -3 16 40 60 75 90 107 124 140 155 171 180 172 142 90 35 -3
