docs/data/Atlantic_V.asc
ncols        537
nrows        591
xllcorner    -15.208216669121
yllcorner    31.791844932009
cellsize     0.027778629380
NODATA_value -9999
[rows 288 to 323 of 591, columns 82 to 163 of 537]
66 49 20 -16 -51 -80 -100 -112 -121 -130 -138 -146 -149 -146 -138 -125 -110 -97 -86 -78 -75 -78 -90 -110 -138 -170 -195 -214 -228 -242 -254 -264 -266 -258 -235 -200 -159 -123 -101 -92 -94 -100 -109 -117 -126 -133 -139 -144 -149 -153 -156 -157 -148 -131 -106 -77 -49 -27 -16 -19 -31 -51 -76 -103 -128 -146 -158 -159 -151 -134 -110 -84 -58 -36 -16 3 19 33 47 59 72 87
97 78 50 14 -25 -63 -95 -119 -137 -151 -162 -173 -178 -176 -167 -155 -143 -128 -111 -96 -89 -94 -109 -130 -157 -183 -205 -224 -242 -259 -270 -272 -259 -225 -177 -127 -86 -56 -40 -35 -38 -46 -55 -66 -76 -85 -94 -102 -111 -119 -126 -126 -118 -99 -72 -43 -14 9 22 25 19 7 -12 -38 -67 -92 -110 -116 -107 -87 -60 -33 -8 13 29 38 40 38 36 39 50 69
109 88 62 28 -11 -54 -95 -127 -149 -163 -174 -183 -187 -183 -172 -161 -150 -138 -123 -110 -105 -112 -127 -148 -171 -195 -221 -250 -280 -303 -311 -298 -259 -192 -120 -66 -33 -14 -2 5 7 6 1 -8 -18 -31 -46 -61 -75 -85 -88 -78 -56 -26 8 40 67 88 103 108 106 96 78 53 23 -5 -25 -33 -27 -10 9 25 37 42 40 29 12 -6 -18 -19 -2 24
79 57 32 1 -35 -76 -115 -145 -164 -173 -177 -180 -181 -175 -164 -151 -140 -131 -124 -120 -122 -132 -148 -165 -186 -213 -250 -292 -331 -354 -348 -310 -245 -167 -96 -46 -14 10 29 43 52 55 52 44 31 14 -4 -21 -33 -36 -26 -3 29 65 98 126 148 164 174 176 170 156 137 110 80 52 32 25 26 32 36 35 30 22 10 -9 -32 -56 -73 -73 -56 -32
13 -13 -39 -68 -98 -128 -155 -172 -178 -174 -167 -162 -160 -158 -151 -141 -132 -125 -124 -130 -141 -156 -173 -191 -214 -247 -292 -341 -376 -382 -354 -299 -234 -166 -102 -44 1 35 59 73 79 77 68 54 37 19 3 -9 -13 -6 11 37 69 99 127 149 164 174 177 174 163 146 124 96 68 44 29 24 22 22 18 12 5 1 -6 -21 -44 -70 -90 -97 -93 -82
-59 -86 -115 -144 -169 -190 -202 -201 -186 -164 -144 -131 -128 -129 -130 -126 -122 -120 -124 -139 -159 -182 -204 -228 -257 -297 -343 -381 -396 -380 -340 -289 -232 -168 -99 -33 18 50 65 68 63 53 39 26 13 1 -10 -15 -14 -5 10 32 57 82 105 122 133 138 137 131 120 104 85 65 48 37 32 32 33 35 36 36 35 33 26 11 -11 -36 -60 -78 -93 -108
-96 -119 -147 -175 -200 -216 -217 -204 -177 -146 -118 -102 -98 -100 -104 -106 -104 -106 -116 -137 -166 -199 -233 -268 -306 -348 -385 -404 -399 -373 -334 -285 -224 -154 -83 -23 16 35 40 34 24 16 8 2 -4 -11 -17 -21 -22 -16 -4 14 36 59 78 91 98 101 100 97 93 88 81 73 66 64 66 74 86 97 104 106 101 91 75 53 27 -1 -27 -52 -79 -113
-98 -108 -125 -144 -161 -171 -169 -156 -134 -108 -86 -75 -73 -76 -81 -84 -87 -94 -109 -133 -167 -207 -251 -299 -344 -384 -410 -415 -402 -374 -329 -270 -203 -137 -81 -36 -8 6 9 3 -3 -7 -9 -10 -12 -18 -25 -32 -34 -29 -16 1 21 39 53 62 65 65 67 70 74 77 77 75 74 78 89 106 123 135 141 139 131 115 94 67 39 11 -19 -53 -91 -131
-106 -103 -104 -107 -110 -110 -102 -84 -65 -47 -37 -35 -41 -52 -64 -74 -85 -96 -113 -137 -170 -212 -260 -311 -359 -395 -416 -419 -401 -361 -304 -240 -181 -129 -85 -52 -28 -15 -12 -14 -19 -22 -22 -23 -24 -30 -36 -42 -44 -39 -28 -13 1 12 19 22 25 28 32 37 43 49 54 58 62 69 80 95 109 117 119 114 103 89 71 49 27 1 -33 -75 -124 -174
-145 -130 -117 -108 -100 -86 -64 -33 -3 20 30 26 10 -16 -45 -72 -94 -110 -126 -149 -181 -220 -265 -311 -353 -387 -406 -403 -374 -324 -265 -208 -159 -116 -82 -56 -39 -28 -24 -25 -29 -33 -34 -35 -38 -41 -45 -48 -46 -40 -33 -28 -26 -25 -24 -24 -25 -23 -17 -3 14 31 43 51 57 65 75 86 97 103 100 89 70 50 32 16 -2 -28 -65 -112 -166 -220
-208 -193 -173 -151 -127 -98 -60 -17 21 47 60 59 43 13 -29 -69 -101 -122 -142 -166 -198 -233 -271 -309 -345 -373 -384 -370 -333 -283 -232 -184 -144 -109 -83 -65 -53 -44 -36 -31 -30 -33 -38 -42 -45 -45 -43 -41 -41 -43 -49 -59 -71 -83 -89 -88 -79 -60 -35 -8 17 36 46 49 51 54 61 71 79 80 69 48 21 -2 -19 -32 -48 -74 -113 -162 -217 -272
-262 -251 -230 -201 -166 -125 -79 -36 -2 19 29 29 18 -3 -35 -73 -109 -137 -163 -193 -223 -255 -288 -319 -347 -363 -359 -336 -299 -257 -214 -175 -141 -115 -97 -85 -71 -54 -37 -27 -28 -35 -45 -51 -51 -48 -45 -48 -59 -75 -97 -121 -140 -146 -135 -111 -77 -42 -12 10 24 32 33 31 30 29 30 33 32 25 7 -20 -50 -74 -91 -104 -120 -145 -178 -224 -277 -333
-265 -261 -247 -220 -186 -147 -110 -76 -52 -37 -32 -34 -40 -51 -71 -100 -134 -168 -199 -231 -261 -289 -314 -337 -351 -353 -337 -309 -275 -237 -199 -166 -140 -123 -110 -94 -72 -49 -35 -34 -44 -57 -66 -67 -64 -64 -72 -88 -112 -139 -162 -173 -167 -145 -110 -68 -31 -4 14 21 23 22 21 20 20 19 17 13 5 -11 -37 -71 -106 -139 -167 -192 -217 -245 -275 -309 -352 -400
-207 -211 -212 -206 -191 -172 -150 -129 -113 -105 -104 -108 -112 -119 -131 -152 -181 -213 -246 -278 -305 -326 -342 -352 -355 -344 -321 -286 -246 -206 -171 -145 -125 -110 -95 -76 -57 -48 -51 -62 -74 -79 -80 -80 -83 -96 -117 -141 -162 -171 -166 -147 -118 -84 -47 -13 10 22 23 17 12 11 15 19 22 20 15 6 -8 -30 -60 -97 -138 -178 -218 -259 -301 -340 -375 -407 -436 -465
-155 -163 -173 -186 -196 -199 -194 -183 -177 -180 -187 -192 -196 -200 -207 -218 -235 -262 -295 -326 -349 -362 -368 -369 -362 -340 -303 -257 -212 -172 -139 -113 -96 -83 -70 -61 -62 -69 -77 -84 -87 -86 -86 -91 -100 -117 -132 -140 -137 -122 -100 -75 -49 -23 6 30 43 44 35 24 20 22 25 25 23 18 10 0 -15 -35 -61 -94 -131 -173 -221 -274 -328 -378 -419 -450 -473 -486
-140 -152 -166 -185 -209 -227 -236 -241 -247 -258 -268 -275 -279 -281 -284 -286 -293 -311 -340 -370 -388 -397 -398 -390 -368 -328 -281 -231 -186 -146 -114 -91 -79 -74 -76 -84 -92 -98 -99 -100 -95 -89 -85 -88 -94 -98 -97 -87 -73 -56 -39 -21 -1 24 51 67 70 61 48 41 38 37 32 20 11 4 1 -3 -11 -23 -43 -68 -101 -141 -189 -241 -295 -348 -396 -435 -459 -467
-134 -155 -176 -204 -237 -269 -293 -309 -319 -327 -331 -337 -343 -347 -348 -347 -349 -361 -385 -408 -423 -427 -421 -398 -359 -310 -258 -207 -161 -126 -104 -94 -95 -104 -115 -125 -129 -131 -129 -119 -104 -88 -79 -77 -76 -74 -68 -58 -47 -33 -14 9 36 61 79 80 69 56 50 53 58 52 34 11 -6 -14 -14 -11 -12 -21 -37 -60 -92 -135 -185 -239 -289 -336 -382 -422 -446 -438
-133 -164 -198 -240 -285 -328 -361 -378 -383 -379 -373 -371 -376 -381 -383 -384 -387 -398 -417 -435 -444 -441 -420 -383 -336 -286 -234 -184 -145 -122 -114 -120 -131 -145 -156 -164 -167 -162 -153 -134 -113 -97 -88 -84 -83 -83 -84 -80 -67 -42 -8 25 53 71 73 64 53 51 64 84 96 91 67 32 -3 -27 -34 -34 -35 -43 -57 -76 -102 -141 -195 -258 -318 -366 -401 -423 -428 -404
-147 -190 -236 -287 -335 -378 -406 -419 -416 -405 -393 -386 -384 -386 -388 -391 -400 -415 -433 -450 -454 -438 -403 -360 -314 -269 -222 -180 -154 -144 -148 -159 -172 -182 -190 -191 -182 -162 -134 -106 -84 -72 -69 -72 -80 -93 -104 -106 -92 -59 -19 17 42 55 55 51 55 74 104 132 147 142 118 81 41 5 -18 -32 -50 -76 -105 -128 -145 -166 -203 -262 -326 -377 -404 -412 -404 -370
-163 -213 -265 -317 -361 -394 -411 -415 -410 -400 -392 -385 -383 -382 -385 -393 -404 -418 -436 -450 -447 -423 -385 -346 -307 -270 -235 -211 -199 -197 -201 -207 -214 -216 -208 -184 -145 -97 -55 -26 -13 -13 -22 -38 -61 -87 -110 -120 -111 -82 -47 -15 8 24 33 45 71 104 136 156 160 151 132 107 80 59 48 38 13 -36 -100 -156 -184 -187 -191 -217 -259 -299 -323 -322 -301 -259
-161 -216 -270 -320 -358 -379 -385 -381 -375 -373 -372 -374 -377 -385 -397 -408 -416 -420 -425 -428 -418 -396 -368 -341 -313 -287 -273 -268 -266 -263 -259 -257 -253 -237 -200 -141 -76 -25 6 21 23 18 3 -23 -56 -89 -114 -125 -119 -102 -81 -60 -37 -15 9 44 83 115 131 132 121 107 92 79 68 64 65 74 81 69 25 -36 -85 -99 -87 -77 -86 -105 -114 -103 -85 -70
-158 -211 -265 -312 -345 -360 -360 -353 -349 -350 -356 -368 -383 -401 -417 -424 -422 -412 -400 -387 -372 -359 -347 -335 -325 -321 -324 -330 -330 -323 -311 -296 -272 -230 -167 -99 -45 -12 3 12 20 20 3 -32 -70 -100 -116 -121 -120 -119 -116 -106 -82 -48 -6 40 76 92 89 73 59 52 51 49 45 37 30 30 43 64 82 81 57 31 24 35 45 46 44 42 36 26
-183 -226 -270 -310 -337 -352 -356 -354 -354 -359 -369 -384 -400 -414 -421 -419 -404 -384 -364 -345 -334 -329 -331 -338 -348 -361 -375 -383 -378 -363 -340 -307 -262 -205 -143 -89 -52 -31 -18 0 15 17 -4 -39 -70 -88 -97 -104 -117 -134 -145 -139 -111 -65 -15 25 42 37 19 6 7 17 26 28 23 10 -4 -17 -20 -8 13 31 35 22 10 14 31 48 55 53 47 41
-216 -248 -282 -313 -338 -355 -367 -374 -381 -389 -398 -405 -409 -410 -402 -389 -371 -354 -338 -327 -322 -325 -337 -355 -378 -399 -413 -414 -402 -377 -341 -299 -249 -195 -140 -93 -59 -38 -21 2 23 25 5 -20 -39 -51 -64 -88 -121 -152 -167 -159 -127 -79 -37 -16 -19 -36 -49 -49 -35 -23 -21 -24 -29 -36 -45 -54 -61 -61 -50 -33 -16 -6 -4 -2 7 19 30 37 41 46
-240 -261 -285 -312 -336 -358 -375 -391 -403 -410 -412 -409 -402 -391 -378 -362 -349 -340 -336 -335 -338 -348 -363 -385 -409 -428 -436 -428 -404 -371 -334 -293 -246 -190 -132 -83 -49 -32 -14 14 39 42 26 9 -4 -21 -47 -86 -132 -166 -179 -168 -138 -103 -78 -71 -77 -85 -84 -75 -66 -66 -74 -80 -84 -85 -87 -93 -101 -107 -104 -88 -64 -40 -23 -12 -5 4 13 20 26 32
-267 -280 -297 -317 -337 -356 -374 -389 -397 -398 -394 -386 -376 -364 -353 -345 -341 -342 -345 -353 -361 -375 -391 -411 -428 -439 -437 -418 -388 -355 -322 -287 -238 -177 -115 -68 -42 -28 -8 24 49 55 43 24 5 -18 -52 -97 -142 -174 -184 -175 -157 -134 -115 -100 -92 -89 -86 -82 -87 -100 -114 -121 -124 -124 -129 -140 -151 -163 -167 -159 -143 -121 -101 -83 -66 -48 -32 -19 -11 -11
-264 -282 -304 -325 -343 -359 -371 -376 -373 -364 -353 -343 -334 -329 -325 -326 -331 -339 -349 -360 -372 -387 -403 -417 -425 -421 -403 -376 -348 -323 -302 -269 -217 -156 -101 -64 -42 -31 -13 19 46 53 37 11 -13 -39 -73 -115 -153 -177 -188 -190 -182 -160 -122 -81 -62 -64 -72 -84 -101 -115 -120 -120 -120 -128 -145 -163 -182 -200 -213 -217 -211 -196 -177 -156 -132 -106 -81 -61 -52 -57
-232 -248 -274 -304 -332 -352 -363 -362 -350 -331 -311 -296 -287 -286 -290 -299 -312 -325 -337 -349 -363 -379 -393 -400 -396 -379 -351 -326 -311 -302 -284 -244 -187 -133 -88 -61 -47 -41 -26 5 34 39 18 -13 -39 -64 -97 -132 -164 -183 -197 -209 -201 -158 -88 -33 -23 -39 -60 -83 -100 -102 -96 -86 -86 -99 -121 -145 -172 -196 -212 -221 -220 -213 -203 -189 -168 -142 -116 -94 -86 -91
-215 -221 -237 -264 -294 -321 -336 -337 -324 -301 -275 -255 -244 -244 -251 -265 -282 -298 -311 -323 -338 -353 -364 -368 -358 -338 -317 -307 -306 -297 -262 -209 -153 -106 -74 -58 -54 -54 -43 -14 17 23 0 -32 -56 -79 -107 -141 -169 -188 -206 -217 -197 -123 -36 3 -8 -36 -65 -86 -93 -85 -69 -52 -45 -56 -76 -107 -139 -164 -178 -187 -191 -194 -193 -188 -176 -160 -141 -125 -115 -116
-214 -213 -219 -232 -252 -271 -284 -286 -275 -256 -235 -218 -208 -209 -219 -236 -254 -269 -278 -287 -301 -318 -332 -338 -336 -324 -314 -309 -302 -275 -221 -164 -119 -85 -65 -59 -61 -64 -55 -27 3 8 -12 -39 -61 -81 -107 -140 -169 -190 -209 -209 -163 -67 13 25 -11 -54 -81 -91 -89 -71 -42 -12 -2 -16 -42 -72 -94 -110 -121 -132 -144 -156 -164 -166 -163 -156 -153 -153 -154 -154
-192 -195 -197 -202 -209 -216 -219 -214 -203 -186 -170 -162 -165 -175 -191 -210 -228 -241 -247 -248 -257 -276 -299 -315 -321 -316 -303 -286 -258 -210 -152 -112 -90 -76 -67 -65 -65 -65 -54 -30 -5 0 -17 -40 -61 -81 -106 -138 -169 -193 -202 -182 -110 -7 50 35 -20 -71 -93 -97 -89 -62 -10 35 41 20 3 -7 -16 -32 -53 -77 -102 -123 -136 -143 -142 -141 -147 -162 -181 -192
-102 -124 -140 -150 -155 -154 -148 -138 -123 -108 -99 -101 -113 -131 -152 -172 -188 -199 -203 -202 -208 -227 -256 -281 -294 -289 -271 -242 -195 -133 -84 -66 -69 -73 -69 -62 -56 -51 -40 -21 -4 -3 -16 -38 -60 -81 -106 -140 -173 -194 -188 -139 -43 50 78 42 -23 -72 -93 -102 -93 -54 18 81 89 75 78 83 72 48 15 -23 -58 -85 -103 -113 -122 -131 -145 -167 -190 -204
31 -3 -39 -70 -87 -92 -86 -75 -62 -53 -53 -61 -77 -96 -115 -129 -139 -146 -149 -152 -160 -179 -208 -237 -257 -263 -250 -215 -154 -84 -40 -39 -56 -63 -56 -41 -28 -22 -13 -1 7 5 -8 -28 -52 -75 -103 -138 -173 -186 -158 -80 31 106 109 61 -4 -53 -77 -89 -84 -46 30 102 124 119 132 148 146 124 85 42 1 -31 -55 -76 -99 -124 -148 -170 -186 -188
112 87 57 21 -13 -37 -46 -42 -34 -32 -39 -54 -72 -89 -101 -109 -113 -113 -112 -114 -125 -148 -177 -209 -236 -253 -249 -207 -130 -56 -22 -30 -49 -53 -36 -10 8 16 21 25 25 19 8 -11 -35 -60 -89 -123 -154 -155 -105 -2 107 159 148 97 36 -15 -43 -57 -61 -41 12 76 115 127 146 168 183 182 159 122 80 43 10 -27 -67 -106 -137 -156 -161 -151
145 125 104 80 52 20 -9 -26 -34 -41 -53 -73 -94 -110 -119 -119 -114 -107 -99 -96 -104 -128 -164 -201 -232 -250 -238 -184 -103 -39 -20 -36 -54 -54 -29 7 34 46 50 49 41 32 21 6 -15 -39 -63 -91 -110 -93 -22 92 183 212 193 150 96 41 7 -12 -22 -23 -10 26 73 115 154 185 207 216 210 186 151 113 75 35 -8 -53 -92 -117 -124 -120
137 124 108 92 73 47 16 -14 -39 -59 -77 -99 -121 -139 -148 -148 -138 -122 -104 -90 -88 -104 -137 -174 -204 -211 -187 -130 -68 -33 -34 -54 -71 -69 -42 0 37 59 66 65 54 39 27 14 1 -16 -32 -47 -50 -15 73 185 250 257 232 201 164 114 67 35 9 -6 -18 -12 22 78 138 191 226 242 243 233 212 182 147 111 74 33 -9 -44 -71 -92
