docs/data/Cantabria_U.asc
ncols        561
nrows        106
xllcorner    -4.318994045258
yllcorner    43.292198181152
cellsize     0.002525329590
NODATA_value  -9999
[rows 0 to 23 of 106, columns 270 to 323 of 561]
-188.43215942382812 -155.57698059082031 -104.73210906982422 -61.712249755859375 -2.2275056838989258 57.591777801513672 95.410797119140625 100.8013916015625 68.249664306640625 9.4272708892822266 -63.093910217285156 -78.683242797851563 -50.248531341552734 -42.106086730957031 -82.822525024414063 -129.25082397460937 -124.26282501220703 -119.63381195068359 -112.77094268798828 -116.85686492919922 -139.62788391113281 -139.40631103515625 -139.09506225585937 -158.65216064453125 -178.71376037597656 -162.19436645507812 -127.28815460205078 -96.683341979980469 -63.390422821044922 -39.102306365966797 -23.444433212280273 -8.0343151092529297 12.931571006774902 56.631904602050781 112.14374542236328 142.5657958984375 178.85408020019531 231.50004577636719 282.71664428710937 404.13336181640625 405.1015625 342.25692749023437 364.073974609375 335.039306640625 283.91387939453125 182.33076477050781 184.38182067871094 207.63423156738281 129.77166748046875 58.568309783935547 -7.5011591911315918 -28.708513259887695 -34.658145904541016 -36.417160034179688
-123.78990173339844 -86.86102294921875 -31.274818420410156 26.897613525390625 62.601856231689453 73.1907958984375 86.199623107910156 110.81887054443359 110.354736328125 35.906642913818359 -52.601848602294922 -60.932155609130859 -36.058937072753906 -31.646030426025391 -47.589893341064453 -70.432708740234375 -78.087196350097656 -80.629188537597656 -81.597785949707031 -81.891853332519531 -87.932907104492188 -94.709121704101563 -97.522445678710938 -103.31648254394531 -107.68532562255859 -92.019111633300781 -63.713344573974609 -32.301445007324219 3.323681116104126 34.252006530761719 60.330387115478516 90.491722106933594 126.50933837890625 174.87142944335937 228.36172485351562 273.06979370117187 320.48782348632812 370.8270263671875 442.68252563476562 522.29693603515625 537.30914306640625 505.95233154296875 471.03143310546875 427.07424926757812 383.78314208984375 331.80975341796875 270.96206665039062 221.38615417480469 179.66732788085937 128.53042602539062 64.558273315429688 26.413311004638672 27.515119552612305 40.438358306884766
-51.209331512451172 -24.871673583984375 21.829864501953125 70.858314514160156 99.144462585449219 102.15869903564453 98.268516540527344 112.79660797119141 120.85482025146484 53.502292633056641 -36.674285888671875 -46.034633636474609 -23.2171630859375 -28.103504180908203 -53.350227355957031 -78.052284240722656 -86.548957824707031 -88.978713989257813 -85.9281005859375 -82.761802673339844 -88.233665466308594 -85.566787719726563 -65.199638366699219 -50.224639892578125 -47.492988586425781 -36.781681060791016 -11.755410194396973 22.887168884277344 64.332687377929687 104.57509613037109 139.82110595703125 175.93351745605469 214.79899597167969 256.91876220703125 295.52252197265625 322.739990234375 351.21951293945312 406.79873657226562 492.44403076171875 554.10186767578125 556.55712890625 534.3740234375 511.478759765625 483.35079956054687 448.49685668945312 405.50067138671875 355.37210083007812 302.10455322265625 247.22709655761719 192.26017761230469 141.59504699707031 108.63897705078125 100.92222595214844 107.16979217529297
28.018299102783203 38.713481903076172 64.533271789550781 99.119903564453125 121.44485473632812 125.24844360351563 123.27557373046875 130.76689147949219 136.13839721679687 76.211929321289063 -15.391360282897949 -42.116004943847656 -37.889801025390625 -46.307807922363281 -63.369823455810547 -79.023933410644531 -82.854515075683594 -80.563385009765625 -72.597793579101562 -64.730186462402344 -60.541622161865234 -49.001533508300781 -28.834493637084961 -11.532389640808105 4.0984234809875488 25.428298950195312 53.821224212646484 88.958122253417969 130.08525085449219 172.82417297363281 212.11363220214844 246.73355102539062 274.77816772460937 294.68893432617187 307.93533325195312 323.69329833984375 364.2821044921875 443.359130859375 530.16546630859375 573.070556640625 568.53424072265625 548.5211181640625 526.56134033203125 501.83724975585937 472.86489868164062 437.91607666015625 395.60348510742187 347.2252197265625 297.2252197265625 250.87568664550781 212.44711303710937 186.16220092773437 173.36061096191406 169.87149047851563
99.140495300292969 107.13249969482422 116.57547760009766 133.33396911621094 146.7237548828125 148.49223327636719 139.39189147949219 133.31974792480469 142.94247436523437 105.72536468505859 23.033416748046875 -14.834196090698242 -21.374439239501953 -33.836215972900391 -49.167461395263672 -61.366035461425781 -64.353996276855469 -60.060081481933594 -49.383563995361328 -35.451000213623047 -20.63532829284668 -1.9248342514038086 22.30369758605957 48.419975280761719 75.755561828613281 104.455078125 132.35601806640625 159.60714721679687 188.59349060058594 220.87528991699219 252.93684387207031 277.30227661132812 291.80560302734375 301.84381103515625 316.48251342773437 351.23574829101563 415.71017456054687 498.13055419921875 564.90716552734375 588.38739013671875 577.70672607421875 554.0894775390625 529.3189697265625 506.538330078125 481.99105834960937 453.35665893554687 419.2705078125 380.06793212890625 339.00897216796875 300.63821411132812 268.8089599609375 246.08810424804687 232.84895324707031 226.6507568359375
146.24530029296875 163.10279846191406 172.380859375 177.47843933105469 177.0565185546875 173.38276672363281 168.30903625488281 163.40829467773437 168.998291015625 154.64079284667969 87.177436828613281 17.759542465209961 -14.819230079650879 -31.420106887817383 -43.593997955322266 -49.535778045654297 -48.112091064453125 -40.456836700439453 -27.397912979125977 -10.119593620300293 11.619793891906738 40.340679168701172 75.583938598632812 111.73520660400391 145.09268188476562 175.32466125488281 201.90278625488281 225.32389831542969 247.62518310546875 268.85897827148437 284.079345703125 294.28585815429687 310.44564819335938 334.1671142578125 366.18310546875 413.41253662109375 477.27716064453125 541.69342041015625 577.4451904296875 580.48199462890625 573.117431640625 558.34881591796875 535.0894775390625 512.17828369140625 488.8585205078125 463.775390625 435.53884887695312 404.11984252929687 371.49444580078125 340.41775512695312 313.41256713867187 292.8582763671875 280.06625366210937 273.497802734375
163.63273620605469 193.3388671875 213.27870178222656 219.58001708984375 211.19447326660156 198.41612243652344 189.78352355957031 181.640625 172.77243041992187 160.05947875976562 132.82518005371094 100.77716064453125 76.666069030761719 54.784534454345703 31.615209579467773 10.846968650817871 -1.0363247394561768 -0.30481478571891785 12.768471717834473 35.54534912109375 65.323944091796875 100.78550720214844 139.69917297363281 178.05638122558594 216.66452026367187 256.7066650390625 291.4466552734375 318.30416870117187 340.802978515625 357.81765747070312 368.59426879882812 376.85549926757812 384.9285888671875 397.35238647460937 423.303466796875 468.50241088867187 522.42791748046875 561.54815673828125 574.10748291015625 580.939453125 590.169189453125 580.70574951171875 556.3968505859375 532.39166259765625 509.83883666992187 486.08609008789062 460.15328979492187 433.10519409179687 406.70916748046875 381.6910400390625 358.2998046875 338.31936645507812 324.16818237304687 316.0989990234375
174.9400634765625 206.64328002929687 233.97172546386719 246.91595458984375 240.20965576171875 219.89529418945313 201.13221740722656 191.98490905761719 191.7757568359375 193.76670837402344 188.73861694335938 180.84738159179687 180.0755615234375 185.34260559082031 182.61235046386719 163.27099609375 140.96025085449219 129.04411315917969 132.11759948730469 152.40402221679687 183.08503723144531 217.79438781738281 255.16400146484375 292.81658935546875 329.86941528320312 365.95626831054687 398.75662231445312 424.6693115234375 437.00576782226562 416.54327392578125 391.60403442382812 410.42947387695312 439.87521362304687 454.90573120117187 478.79196166992187 515.9549560546875 551.052734375 574.65277099609375 592.31268310546875 612.15521240234375 621.7740478515625 610.31683349609375 590.6837158203125 571.6495361328125 552.345947265625 530.3824462890625 505.42373657226562 479.35089111328125 455.04635620117187 433.20419311523437 412.31552124023437 392.31878662109375 375.38577270507812 363.88296508789063
202.01588439941406 227.70147705078125 249.84146118164062 256.96786499023437 247.82098388671875 238.29904174804687 244.93466186523437 263.87704467773437 280.91021728515625 284.54617309570312 267.85302734375 237.75981140136719 210.24462890625 190.08702087402344 181.99082946777344 195.9598388671875 218.44479370117187 229.35627746582031 236.76925659179687 255.05577087402344 287.29971313476563 330.75994873046875 373.57171630859375 407.74444580078125 437.69790649414062 466.62820434570312 492.666015625 512.03338623046875 522.690673828125 524.5394287109375 521.34051513671875 522.935546875 529.8353271484375 538.3770751953125 552.50335693359375 570.54449462890625 586.998046875 604.3033447265625 625.37457275390625 643.91546630859375 650.704345703125 645.78253173828125 636.1278076171875 624.66925048828125 610.5989990234375 592.5859375 569.89666748046875 544.1036376953125 519.01287841796875 496.22897338867188 474.41537475585937 453.1461181640625 433.78582763671875 418.48800659179687
223.86210632324219 228.36618041992187 230.35366821289062 230.02557373046875 237.17755126953125 274.18051147460937 309.35205078125 322.38232421875 336.074951171875 347.4627685546875 344.23580932617187 323.25738525390625 295.43240356445312 273.47531127929687 261.06747436523437 267.9544677734375 292.99203491210937 320.43792724609375 344.24325561523437 367.85305786132812 394.82687377929687 426.69650268554688 462.71340942382812 494.39678955078125 519.58709716796875 537.05889892578125 549.02044677734375 560.3712158203125 565.16473388671875 562.19549560546875 558.58807373046875 562.93646240234375 571.1295166015625 575.42120361328125 580.11126708984375 588.36328125 599.53466796875 615.47125244140625 634.80108642578125 652.44451904296875 663.190673828125 666.40472412109375 665.12579345703125 661.132080078125 654.46417236328125 644.0015869140625 628.1632080078125 607.7738037109375 585.71820068359375 562.835693359375 539.4163818359375 517.0123291015625 496.23187255859375 477.52590942382812
334.48867797851562 312.45138549804687 280.03897094726562 284.180419921875 303.40008544921875 303.2003173828125 314.55892944335937 342.91598510742187 357.6043701171875 347.57989501953125 318.01663208007813 292.40899658203125 279.49420166015625 287.73226928710937 304.08135986328125 307.26638793945312 316.38919067382812 339.25521850585937 362.76556396484375 385.1400146484375 409.60281372070312 437.61871337890625 468.50244140625 493.62130737304687 510.05169677734375 433.89901733398437 337.84420776367187 375.37100219726562 436.91867065429687 446.10415649414062 447.47906494140625 456.98342895507812 457.63595581054687 464.81698608398437 491.40731811523438 520.614501953125 552.46502685546875 584.57080078125 613.4515380859375 637.2274169921875 652.14764404296875 656.8726806640625 655.79901123046875 653.85528564453125 652.08984375 649.23931884765625 643.731689453125 635.129638671875 623.22137451171875 605.708740234375 585.4927978515625 567.623291015625 549.391357421875 528.1807861328125
412.89996337890625 409.80072021484375 389.67141723632812 364.60211181640625 340.82040405273437 330.89395141601562 338.9232177734375 357.02743530273437 366.35089111328125 334.157958984375 270.39605712890625 220.74179077148437 193.42953491210937 93.616546630859375 3.6142110824584961 35.289836883544922 130.12606811523437 207.18067932128906 236.60906982421875 263.5533447265625 285.61541748046875 298.62255859375 312.87545776367187 342.61502075195312 369.387939453125 385.11911010742187 391.03701782226562 330.227294921875 243.11935424804687 174.70503234863281 123.86803436279297 21.855026245117188 -56.065292358398437 106.70075988769531 319.916259765625 419.444580078125 487.19732666015625 539.12261962890625 530.00360107421875 497.18560791015625 527.341064453125 560.05023193359375 539.457275390625 510.44833374023437 502.43951416015625 506.47021484375 510.22250366210937 509.59307861328125 510.25909423828125 504.90841674804687 494.42239379882812 503.15670776367188 520.33660888671875 523.84124755859375
392.14508056640625 375.49517822265625 366.5657958984375 357.41500854492187 351.270263671875 348.11410522460937 294.49710083007812 238.87992858886719 273.87509155273437 307.29745483398437 272.84112548828125 227.76713562011719 200.60417175292969 123.33866882324219 68.843498229980469 115.26896667480469 180.81463623046875 235.27210998535156 280.0992431640625 323.41058349609375 353.88449096679687 368.00381469726562 376.16024780273437 372.66763305664062 355.84228515625 337.19674682617187 316.11880493164062 289.38302612304687 261.61538696289062 237.31051635742187 225.84220886230469 231.66519165039062 253.42250061035156 310.01071166992188 385.28335571289062 448.75625610351562 501.94839477539062 537.13385009765625 550.096435546875 554.1121826171875 561.0552978515625 563.4991455078125 556.4967041015625 547.91748046875 542.9212646484375 546.61859130859375 549.60986328125 541.3372802734375 529.56390380859375 516.85162353515625 506.52090454101562 501.40786743164063 497.70980834960937 498.14877319335937
375.700927734375 351.34320068359375 334.5833740234375 332.8936767578125 340.77392578125 315.49624633789062 265.87026977539062 255.04779052734375 285.08078002929687 307.080078125 294.650634765625 268.31719970703125 244.82278442382812 185.39155578613281 133.07720947265625 152.04789733886719 198.42536926269531 242.08367919921875 274.93972778320312 296.9476318359375 291.0394287109375 270.04022216796875 278.697021484375 268.961669921875 231.99050903320312 212.2926025390625 201.07293701171875 186.37896728515625 170.43269348144531 163.6881103515625 176.21519470214844 232.4361572265625 313.3929443359375 386.850830078125 448.6719970703125 496.18865966796875 527.0963134765625 491.73260498046875 434.64736938476562 447.08221435546875 479.2015380859375 471.88372802734375 451.02932739257812 446.47088623046875 444.46109008789063 459.02145385742187 464.87884521484375 444.37374877929687 441.59210205078125 427.36795043945312 401.61767578125 382.21368408203125 365.44992065429687 374.9482421875
221.08981323242187 227.65225219726562 248.96060180664062 283.34335327148437 307.84567260742188 284.08538818359375 239.09494018554687 235.47113037109375 261.14373779296875 283.58157348632812 291.87017822265625 289.34646606445312 281.078857421875 229.52186584472656 166.92510986328125 164.17372131347656 197.30584716796875 227.31401062011719 243.48883056640625 260.19903564453125 262.59814453125 244.85923767089844 243.87033081054687 253.3216552734375 255.41712951660156 254.71781921386719 255.26054382324219 256.24673461914062 244.3209228515625 238.6409912109375 266.1309814453125 313.94345092773437 366.5709228515625 419.04425048828125 463.32452392578125 496.87860107421875 468.5772705078125 416.21630859375 426.8389892578125 455.47543334960937 474.38034057617187 490.93167114257813 501.50625610351562 504.95956420898437 486.31475830078125 462.63650512695312 463.56661987304687 469.33212280273437 463.68368530273437 450.74050903320312 438.94125366210937 436.89077758789062 439.722412109375 442.12396240234375
-51.851558685302734 -40.140144348144531 61.911968231201172 173.77212524414062 199.75648498535156 198.13809204101562 203.35578918457031 200.90599060058594 186.19439697265625 205.77239990234375 247.673583984375 273.16851806640625 286.19784545898437 278.42562866210937 244.74787902832031 215.91975402832031 210.37579345703125 218.01199340820312 224.14242553710937 224.05836486816406 233.46417236328125 222.55241394042969 192.86534118652344 178.10604858398437 175.02841186523437 173.46426391601562 177.05517578125 184.40371704101562 194.46661376953125 224.51914978027344 262.68136596679688 308.6435546875 359.4603271484375 402.92724609375 432.12115478515625 451.83380126953125 443.83169555664062 417.370361328125 423.35781860351562 447.24252319335938 467.22946166992187 481.15841674804688 489.3671875 484.14035034179687 438.91006469726562 393.464599609375 392.75363159179687 401.6458740234375 402.15975952148437 379.92288208007812 354.26834106445312 370.6990966796875 395.9046630859375 391.65362548828125
-87.618095397949219 -89.347892761230469 5.0542616844177246 100.04558563232422 139.43437194824219 163.85922241210937 186.34065246582031 206.83551025390625 196.98089599609375 175.67608642578125 174.54293823242187 183.7001953125 204.55360412597656 222.36970520019531 228.051513671875 228.85536193847656 229.90235900878906 230.55204772949219 229.17835998535156 220.60295104980469 205.93597412109375 185.83198547363281 160.60423278808594 141.99018859863281 139.90211486816406 154.24659729003906 177.22457885742187 201.13615417480469 224.10127258300781 244.89854431152344 264.47378540039062 284.51791381835937 310.27493286132812 361.06698608398437 392.02444458007812 395.42544555664062 413.20468139648437 421.5711669921875 421.49371337890625 435.35015869140625 449.3358154296875 449.33480834960937 449.99114990234375 449.56085205078125 428.23443603515625 407.76083374023437 415.59454345703125 421.26046752929687 409.43374633789062 404.49569702148437 390.75973510742187 379.5362548828125 409.90411376953125 441.770751953125
-109.82330322265625 -99.23638916015625 -7.0544576644897461 79.952552795410156 121.31829071044922 151.26132202148437 168.73928833007812 179.45750427246094 178.97114562988281 175.84231567382812 177.07109069824219 180.662841796875 188.11735534667969 198.39999389648437 214.43191528320312 233.82450866699219 249.135986328125 255.69816589355469 254.1126708984375 241.02632141113281 216.43800354003906 177.26225280761719 140.73678588867187 124.72917175292969 127.07617950439453 145.21510314941406 172.04061889648437 204.10978698730469 235.20429992675781 263.11895751953125 288.52163696289062 316.67388916015625 344.13467407226562 368.66415405273437 390.33966064453125 413.57217407226563 441.88674926757812 448.2720947265625 436.18267822265625 423.435302734375 412.8572998046875 414.676513671875 407.24407958984375 397.85711669921875 417.0860595703125 424.21029663085937 406.43185424804688 405.40057373046875 407.05892944335937 399.05792236328125 410.46450805664062 440.29837036132812 467.33544921875 485.3548583984375
-60.914627075195312 -22.293283462524414 46.113674163818359 94.761604309082031 125.17523956298828 151.38023376464844 164.09600830078125 173.5303955078125 181.37997436523438 186.64303588867187 190.07080078125 186.91743469238281 147.31367492675781 88.387382507324219 66.874458312988281 77.596794128417969 89.569908142089844 91.737167358398438 82.817855834960937 68.231834411621094 40.934097290039062 14.035387992858887 53.464832305908203 115.62129211425781 146.56275939941406 174.28005981445312 205.38339233398437 238.92135620117187 271.84909057617187 301.7825927734375 327.90341186523437 350.00958251953125 371.39422607421875 388.15484619140625 406.88613891601562 441.72274780273437 460.07058715820312 451.8553466796875 440.60122680664062 429.870361328125 419.28768920898437 410.79965209960937 407.30691528320312 407.70523071289062 409.817626953125 409.82345581054687 410.03652954101562 401.18695068359375 393.14407348632812 400.31582641601562 412.57559204101562 438.7691650390625 445.06240844726562 430.65573120117187
41.047176361083984 78.617973327636719 108.96293640136719 125.86642456054687 145.77548217773437 165.34234619140625 175.07627868652344 186.221435546875 199.26358032226562 205.41203308105469 202.34648132324219 157.93644714355469 89.071090698242187 30.243633270263672 -9999 -9999 -9999 -9999 -9999 -9999 -9999 -9999 24.917041778564453 82.439949035644531 135.04737854003906 175.17236328125 211.09126281738281 242.37408447265625 273.3551025390625 308.75942993164062 338.67059326171875 353.31765747070312 360.67144775390625 369.09747314453125 388.313720703125 406.28976440429687 421.35845947265625 434.55105590820312 432.35708618164062 417.79409790039062 402.56314086914062 393.4615478515625 389.08132934570312 389.78488159179687 392.39077758789062 393.20562744140625 394.17147827148437 414.53363037109375 424.98089599609375 417.50534057617187 428.56851196289062 436.13134765625 435.62872314453125 444.83013916015625
51.944065093994141 106.92765808105469 146.73370361328125 161.88345336914062 176.76692199707031 190.63693237304687 202.37112426757812 214.41981506347656 221.67132568359375 217.43472290039062 170.51043701171875 105.51329803466797 68.490310668945313 27.238027572631836 -9999 -9999 -9999 -9999 -9999 -9999 -9999 -9999 -9999 29.73042106628418 71.991119384765625 90.824951171875 105.98518371582031 123.50016021728516 143.45042419433594 172.17193603515625 188.20594787597656 173.2681884765625 162.70159912109375 170.76394653320312 188.22622680664062 251.18060302734375 317.03799438476562 346.8291015625 361.22079467773437 359.78952026367187 356.554443359375 355.60775756835937 357.68295288085937 360.98733520507812 365.44979858398437 371.70074462890625 385.64154052734375 399.00665283203125 412.15481567382812 428.11428833007812 434.65188598632812 435.53155517578125 444.2708740234375 463.261962890625
39.783638000488281 94.378395080566406 154.968994140625 193.31210327148437 207.37277221679687 219.99024963378906 228.36457824707031 232.71421813964844 199.20762634277344 134.98435974121094 86.058670043945313 32.952754974365234 -9999 -9999 -9999 -9999 -9999 -9999 -9999 -9999 -9999 -9999 -9999 -9999 -9999 -9999 -9999 -9999 -9999 -9999 -9999 -9999 -9999 -9999 -9999 -9999 65.619918823242188 179.42044067382812 242.64173889160156 264.01950073242187 279.17221069335937 295.56951904296875 310.437744140625 325.4461669921875 338.40045166015625 352.59146118164062 367.66049194335937 386.15350341796875 409.35781860351562 425.0177001953125 430.32247924804687 436.89080810546875 449.81814575195312 462.1712646484375
113.90107727050781 153.47883605957031 178.32382202148437 205.15008544921875 224.76173400878906 229.47908020019531 197.14328002929687 144.19828796386719 111.27046966552734 83.378044128417969 33.708816528320312 -9999 -9999 -9999 -9999 -9999 -9999 -9999 -9999 -9999 -9999 -9999 -9999 -9999 -9999 -9999 -9999 -9999 -9999 -9999 -9999 -9999 -9999 -9999 -9999 -9999 -9999 40.697868347167969 85.440422058105469 103.31855773925781 156.17854309082031 213.388427734375 246.10731506347656 270.88095092773437 292.66571044921875 313.89340209960937 333.14578247070312 355.20437622070312 381.491455078125 399.5263671875 411.63568115234375 425.6180419921875 437.5372314453125 447.592529296875
65.61083984375 107.92683410644531 165.33203125 204.87867736816406 217.54893493652344 184.05715942382812 122.59577178955078 48.486885070800781 -9999 -9999 -9999 -9999 -9999 -9999 -9999 -9999 -9999 -9999 -9999 -9999 -9999 -9999 -9999 -9999 -9999 -9999 -9999 -9999 -9999 -9999 -9999 -9999 -9999 -9999 -9999 -9999 -9999 -9999 45.236469268798828 105.56370544433594 141.062255859375 147.24664306640625 136.75230407714844 148.56294250488281 166.90196228027344 188.68794250488281 205.97660827636719 242.92257690429687 301.41091918945312 342.11004638671875 362.768798828125 379.42495727539062 398.90341186523437 417.42303466796875
