docs/data/Cantabria_U.asc
ncols        561
nrows        106
xllcorner    -4.318994045258
yllcorner    43.292198181152
cellsize     0.002525329590
NODATA_value  -9999
[rows 48 to 71 of 106, columns 0 to 53 of 561]
-9999 315.370361328125 414.62338256835937 387.54940795898437 395.2608642578125 422.70608520507812 388.70684814453125 337.08126831054687 291.18118286132812 264.79641723632812 276.0869140625 323.974609375 370.48794555664062 380.24542236328125 354.69998168945312 307.07870483398438 244.73988342285156 186.77609252929687 163.60043334960937 186.39183044433594 236.29061889648437 293.203369140625 349.18572998046875 405.81195068359375 462.91534423828125 510.90151977539062 458.3924560546875 309.70489501953125 -65.049331665039063 -474.8662109375 -625.09478759765625 -672.68170166015625 -682.52630615234375 -682.75262451171875 -681.16876220703125 -681.7156982421875 -685.611328125 -692.59375 -697.2279052734375 -693.71307373046875 -683.546142578125 -672.4095458984375 -656.5377197265625 -637.56427001953125 -627.4840087890625 -613.1129150390625 -576.7396240234375 -521.94482421875 -455.45779418945312 -374.09561157226562 -285.00234985351562 -201.9012451171875 -125.57284545898437 -56.733211517333984
-9999 456.80221557617187 562.75018310546875 513.98590087890625 446.38162231445312 448.59564208984375 460.92425537109375 449.46255493164063 409.03680419921875 366.97528076171875 363.79855346679687 394.247802734375 418.02386474609375 408.99661254882812 385.11300659179687 365.43179321289062 329.72793579101562 276.2554931640625 238.69889831542969 238.01930236816406 267.9833984375 310.387939453125 354.2337646484375 400.58132934570312 453.40841674804687 505.45477294921875 499.9945068359375 373.65914916992187 32.091304779052734 -351.13180541992187 -566.0379638671875 -669.88848876953125 -697.3699951171875 -699.0543212890625 -699.40423583984375 -697.78680419921875 -698.2879638671875 -698.42840576171875 -695.98980712890625 -690.64642333984375 -684.18621826171875 -674.07421875 -657.21136474609375 -639.37811279296875 -612.71722412109375 -566.10919189453125 -502.91690063476563 -427.10824584960937 -346.15203857421875 -265.17196655273438 -185.91487121582031 -110.46109008789062 -40.385276794433594 22.905834197998047
-9999 602.92852783203125 665.20709228515625 571.49859619140625 431.38027954101562 397.38278198242187 428.47982788085937 452.88388061523438 446.939453125 427.72421264648437 424.24639892578125 435.33596801757812 436.97650146484375 428.552978515625 427.80429077148437 428.18399047851562 401.83599853515625 351.3133544921875 315.16342163085937 312.2174072265625 329.75552368164062 353.34552001953125 377.78115844726562 402.7862548828125 434.58453369140625 477.29360961914062 508.16748046875 444.146484375 316.45480346679687 -77.146499633789063 -532.0355224609375 -689.50927734375 -733.33935546875 -732.83526611328125 -721.75982666015625 -711.3402099609375 -705.23199462890625 -702.3865966796875 -700.75604248046875 -696.45050048828125 -685.4241943359375 -669.05157470703125 -647.50152587890625 -610.6976318359375 -553.358642578125 -480.61782836914062 -397.61502075195312 -312.45285034179687 -231.60650634765625 -156.0997314453125 -84.964256286621094 -16.506814956665039 48.175941467285156 107.19197845458984
-9999 593.6148681640625 674.76568603515625 515.759765625 304.96963500976562 317.68865966796875 422.27737426757812 478.81341552734375 487.25997924804687 468.11428833007812 448.57510375976562 442.30831909179687 445.02816772460937 454.75350952148437 468.85647583007812 474.98312377929687 454.12069702148437 413.37335205078125 386.40676879882812 381.95013427734375 388.97686767578125 400.9560546875 415.972412109375 433.88385009765625 457.22824096679687 479.26260375976562 494.594970703125 478.99041748046875 376.4346923828125 255.00588989257812 -207.39581298828125 -697.90264892578125 -771.78460693359375 -764.42095947265625 -741.22674560546875 -722.146728515625 -712.375732421875 -709.7940673828125 -706.66107177734375 -697.14776611328125 -682.43231201171875 -655.1922607421875 -607.22119140625 -541.4249267578125 -460.24639892578125 -370.6719970703125 -281.02557373046875 -194.65614318847656 -114.77126312255859 -42.884750366210937 23.769590377807617 87.395515441894531 147.6614990234375 203.35174560546875
-9999 586.1107177734375 654.51885986328125 508.27276611328125 340.1915283203125 354.826904296875 449.67269897460938 502.40216064453125 504.51715087890625 481.49862670898437 461.53582763671875 459.0982666015625 468.79391479492187 483.19821166992187 497.05218505859375 502.61666870117187 495.240966796875 476.97140502929687 454.899169921875 438.824462890625 432.9744873046875 434.65817260742187 442.23504638671875 455.62118530273437 473.76553344726562 492.6204833984375 510.78732299804687 514.86907958984375 445.38882446289062 325.68148803710938 -77.42706298828125 -560.46575927734375 -734.47760009765625 -772.5621337890625 -757.60369873046875 -736.9642333984375 -726.41156005859375 -718.70172119140625 -711.89105224609375 -692.846923828125 -652.88604736328125 -595.26226806640625 -522.7764892578125 -436.93685913085937 -344.090576171875 -253.20869445800781 -164.71656799316406 -79.797920227050781 -2.6745741367340088 66.693565368652344 133.51609802246094 197.57392883300781 256.27737426757812 310.953125
-9999 512.537841796875 566.50933837890625 453.3795166015625 381.89300537109375 419.74676513671875 482.28741455078125 505.50030517578125 493.22552490234375 476.8011474609375 476.35226440429687 487.45599365234375 498.63394165039063 508.57852172851562 517.2464599609375 520.8760986328125 517.464599609375 507.73873901367187 492.4068603515625 476.09698486328125 464.6297607421875 459.6685791015625 461.050048828125 468.44638061523437 480.43798828125 493.40835571289062 508.16452026367187 525.47186279296875 518.56353759765625 407.78128051757812 234.56585693359375 -234.0760498046875 -698.7978515625 -773.88299560546875 -762.6080322265625 -744.1346435546875 -726.0745849609375 -701.185546875 -669.7003173828125 -624.8472900390625 -561.94134521484375 -483.40261840820312 -397.41473388671875 -308.65127563476562 -219.39830017089844 -131.0062255859375 -43.827041625976563 42.070999145507813 125.70069885253906 201.14768981933594 265.93716430664062 323.5311279296875 376.53277587890625 426.54971313476563
-9999 398.8868408203125 397.20602416992187 333.941650390625 357.80685424804687 431.69656372070312 477.79367065429687 481.273193359375 481.74313354492187 494.19479370117187 509.217041015625 520.101318359375 526.7156982421875 531.3306884765625 534.92919921875 536.173583984375 534.00048828125 527.58514404296875 515.870849609375 501.27029418945313 488.61495971679687 480.81558227539062 478.46835327148437 481.2652587890625 488.25405883789062 496.92794799804687 507.916259765625 524.24652099609375 539.55352783203125 482.90505981445312 350.59835815429687 -60.995025634765625 -517.72686767578125 -674.23779296875 -727.77679443359375 -724.631103515625 -685.80908203125 -637.652099609375 -584.75860595703125 -523.26837158203125 -445.69967651367187 -349.6334228515625 -253.526611328125 -163.490234375 -68.99609375 29.373546600341797 122.74288940429687 206.81784057617187 282.515380859375 347.6019287109375 403.21136474609375 452.66122436523437 497.9547119140625 539.58642578125
-9999 407.28524780273437 401.21438598632812 411.71975708007812 449.50314331054687 485.1688232421875 505.5028076171875 521.501708984375 537.660888671875 549.598876953125 556.39202880859375 558.56317138671875 557.6800537109375 555.6318359375 553.49652099609375 551.12115478515625 547.56182861328125 541.31890869140625 531.33563232421875 519.181396484375 508.02621459960937 499.968994140625 496.08541870117187 496.74514770507812 501.38571166992187 508.33758544921875 516.400390625 525.9383544921875 537.774169921875 532.66009521484375 463.03744506835937 328.58905029296875 -68.864913940429688 -476.30645751953125 -614.812255859375 -639.670654296875 -596.039306640625 -553.47174072265625 -494.70977783203125 -417.69589233398437 -303.919677734375 -170.36672973632812 -55.007591247558594 43.433753967285156 134.91264343261719 220.56436157226562 300.25619506835937 373.40359497070312 436.12344360351562 485.28482055664062 526.1944580078125 566.26019287109375 606.314697265625 641.9686279296875
-9999 445.84170532226562 449.11007690429687 464.6767578125 490.89645385742187 523.5067138671875 555.0986328125 579.70233154296875 594.97467041015625 601.7061767578125 601.79730224609375 597.13385009765625 589.78729248046875 581.5433349609375 573.51068115234375 566.3245849609375 559.50653076171875 551.4036865234375 541.33868408203125 530.83294677734375 521.4552001953125 513.3720703125 507.7984619140625 506.89718627929687 511.28872680664062 519.6468505859375 527.31195068359375 527.4276123046875 526.23944091796875 534.65625 530.10650634765625 487.81878662109375 376.49267578125 203.57994079589844 -94.3802490234375 -343.275390625 -405.3883056640625 -421.286376953125 -325.91525268554687 -171.49974060058594 -43.398242950439453 78.801467895507813 181.25575256347656 266.86380004882812 340.17303466796875 405.19110107421875 465.53384399414062 522.06024169921875 568.8165283203125 601.9342041015625 630.2630615234375 661.5135498046875 694.32916259765625 723.317626953125
-9999 449.99249267578125 454.06491088867187 480.73013305664062 516.63397216796875 553.1326904296875 587.62725830078125 615.250732421875 632.6517333984375 639.962646484375 638.93096923828125 631.4383544921875 619.6365966796875 606.01837158203125 592.24932861328125 579.4788818359375 568.03387451171875 556.29547119140625 543.4342041015625 531.14056396484375 518.5311279296875 503.67178344726562 491.92630004882812 490.47689819335937 499.78219604492187 515.66131591796875 532.4189453125 545.6962890625 553.1019287109375 556.778076171875 562.700927734375 566.64166259765625 556.52606201171875 520.646240234375 419.60601806640625 294.65557861328125 225.00907897949219 191.69216918945312 188.36839294433594 233.73478698730469 307.02639770507812 378.62924194335937 439.35089111328125 489.45257568359375 532.517578125 571.90533447265625 610.01275634765625 647.29638671875 679.73040771484375 703.9637451171875 722.333251953125 738.63427734375 756.04132080078125 772.273681640625
-9999 524.29229736328125 448.2388916015625 467.98516845703125 516.13848876953125 561.139404296875 598.33489990234375 628.914306640625 651.268798828125 663.1444091796875 664.52520751953125 656.57550048828125 640.666748046875 619.73486328125 596.87274169921875 574.48443603515625 551.62005615234375 525.02239990234375 500.1090087890625 484.51925659179687 477.90713500976562 477.70346069335937 481.8106689453125 490.14950561523437 502.62820434570312 517.54632568359375 534.01495361328125 551.4857177734375 568.53997802734375 582.5609130859375 594.17901611328125 607.06341552734375 621.7506103515625 632.7474365234375 626.04998779296875 608.34967041015625 605.65399169921875 616.9451904296875 626.131591796875 631.984130859375 639.6689453125 651.0892333984375 665.58270263671875 680.96649169921875 696.38201904296875 711.6884765625 727.95086669921875 746.1268310546875 763.4901123046875 775.8377685546875 781.97021484375 784.03363037109375 785.419189453125 784.25225830078125
-9999 436.2010498046875 343.55868530273437 392.62069702148437 477.1351318359375 550.5093994140625 600.4962158203125 634.68450927734375 659.34954833984375 674.0762939453125 677.97845458984375 670.18426513671875 641.599365234375 591.1754150390625 541.28948974609375 508.71133422851562 492.64755249023437 489.54904174804688 493.7369384765625 497.75173950195312 497.64801025390625 493.81890869140625 489.08868408203125 487.85125732421875 493.65402221679687 506.20272827148437 523.16217041015625 542.64556884765625 562.884765625 582.03314208984375 600.76123046875 621.21484375 644.09173583984375 668.4959716796875 690.18255615234375 707.42279052734375 725.22454833984375 744.817626953125 762.19989013671875 774.58209228515625 782.082275390625 788.30731201171875 794.32550048828125 798.331787109375 799.47027587890625 798.34527587890625 797.1815185546875 798.37188720703125 801.234130859375 799.60174560546875 788.97216796875 772.10296630859375 752.05462646484375 728.1085205078125
-9999 369.19137573242187 324.72970581054687 362.38540649414062 449.90457153320312 540.2960205078125 602.71624755859375 639.5047607421875 662.05908203125 674.91241455078125 678.8570556640625 672.9649658203125 652.132568359375 613.35748291015625 563.5450439453125 522.721923828125 506.9576416015625 507.8388671875 510.3447265625 509.95108032226562 507.27081298828125 503.5042724609375 498.50454711914062 492.78976440429687 489.67941284179687 493.81143188476562 506.79129028320312 525.13177490234375 544.08160400390625 561.99200439453125 581.546630859375 604.728759765625 631.26483154296875 661.263427734375 691.89019775390625 717.9541015625 739.5758056640625 758.5615234375 776.35186767578125 794.41119384765625 810.5992431640625 824.95355224609375 834.98773193359375 835.30206298828125 824.64727783203125 807.888671875 789.47491455078125 769.9822998046875 751.6119384765625 728.922607421875 695.81353759765625 653.65484619140625 602.07598876953125 559.6201171875
-9999 350.87203979492187 332.66946411132812 374.3212890625 439.6651611328125 519.0675048828125 584.03863525390625 623.8465576171875 644.49188232421875 653.71337890625 656.106689453125 650.24749755859375 627.25091552734375 586.06207275390625 543.540771484375 517.05810546875 506.64566040039062 501.94281005859375 495.89517211914062 488.60140991210937 482.5869140625 477.77020263671875 472.34402465820313 466.36264038085937 462.00924682617187 462.7283935546875 471.97235107421875 487.54727172851562 502.67205810546875 513.8355712890625 524.39837646484375 539.35321044921875 561.51904296875 592.1322021484375 627.664794921875 658.945068359375 682.28564453125 699.58612060546875 715.68804931640625 733.4344482421875 749.2052001953125 765.20391845703125 775.04815673828125 763.82940673828125 727.3499755859375 678.74273681640625 633.28045654296875 605.7659912109375 548.65484619140625 451.66436767578125 372.572998046875 300.642822265625 214.10171508789062 83.277351379394531
-9999 363.81796264648437 336.64300537109375 354.26309204101562 397.78298950195312 466.30224609375 532.0650634765625 574.328857421875 592.29132080078125 598.14898681640625 604.52960205078125 606.715087890625 587.70849609375 547.97674560546875 508.91683959960937 485.93331909179687 474.89263916015625 465.72293090820312 455.46859741210937 445.59271240234375 436.66818237304687 427.3138427734375 413.76019287109375 398.86550903320312 390.85848999023437 391.00006103515625 396.90103149414063 404.4759521484375 406.0933837890625 393.67514038085937 354.87374877929687 316.72463989257812 311.08993530273437 328.00360107421875 363.082275390625 428.42352294921875 495.53302001953125 533.32012939453125 554.38165283203125 558.77294921875 550.20562744140625 502.16998291015625 430.80694580078125 385.3026123046875 350.5426025390625 308.56051635742187 231.37873840332031 89.070419311523438 -9999 -9999 -9999 -9999 -9999 -9999
-9999 303.50347900390625 266.419677734375 293.40066528320313 333.64651489257812 396.22406005859375 458.25418090820312 496.62994384765625 511.51129150390625 516.38775634765625 527.1453857421875 540.6136474609375 532.8660888671875 497.60247802734375 457.83822631835937 431.9342041015625 417.52328491210937 406.362548828125 395.62075805664062 383.33151245117187 364.99075317382812 339.93292236328125 279.4273681640625 204.8072509765625 174.62118530273438 174.41337585449219 177.61477661132812 184.406005859375 176.018798828125 80.93743896484375 -9999 -9999 -9999 -9999 -9999 -9999 92.2734375 226.12762451171875 241.85134887695312 168.08750915527344 60.090362548828125 -9999 -9999 -9999 -9999 -9999 -9999 -9999 -9999 -9999 -9999 -9999 -9999 -9999
-9999 319.66802978515625 265.66082763671875 275.67776489257812 293.8988037109375 328.124267578125 364.0911865234375 391.4532470703125 411.82382202148437 427.7166748046875 431.0322265625 431.66656494140625 430.65985107421875 407.15280151367187 373.68746948242187 349.29476928710937 334.0015869140625 320.60479736328125 306.7532958984375 288.8677978515625 240.42160034179687 172.77055358886719 71.249809265136719 -9999 -9999 -9999 -9999 -9999 -9999 -9999 -9999 -9999 -9999 -9999 -9999 -9999 -9999 -9999 19.195121765136719 19.195121765136719 -9999 -9999 -9999 -9999 -9999 -9999 -9999 -9999 -9999 -9999 -9999 -9999 -9999 -9999
-9999 367.12582397460937 274.49383544921875 210.54197692871094 182.69990539550781 185.55642700195312 197.57040405273438 206.90742492675781 209.49494934082031 219.77127075195312 228.0057373046875 240.82388305664062 255.9703369140625 249.29269409179687 239.87855529785156 232.46061706542969 221.2919921875 190.33308410644531 143.81944274902344 118.17623138427734 57.687889099121094 -9999 -9999 -9999 -9999 -9999 -9999 -9999 -9999 -9999 -9999 -9999 -9999 -9999 -9999 -9999 -9999 -9999 -9999 -9999 -9999 -9999 -9999 -9999 -9999 -9999 -9999 -9999 -9999 -9999 -9999 -9999 -9999 -9999
-9999 -9999 -9999 -9999 -9999 -9999 -9999 -9999 -9999 -9999 -9999 19.732109069824219 63.1036376953125 87.536903381347656 86.238235473632812 82.552055358886719 81.084159851074219 40.604976654052734 -9999 -9999 -9999 -9999 -9999 -9999 -9999 -9999 -9999 -9999 -9999 -9999 -9999 -9999 -9999 -9999 -9999 -9999 -9999 -9999 -9999 -9999 -9999 -9999 -9999 -9999 -9999 -9999 -9999 -9999 -9999 -9999 -9999 -9999 -9999 -9999
-9999 -9999 -9999 -9999 -9999 -9999 -9999 -9999 -9999 -9999 -9999 -9999 -9999 -9999 -9999 -9999 -9999 -9999 -9999 -9999 -9999 -9999 -9999 -9999 -9999 -9999 -9999 -9999 -9999 -9999 -9999 -9999 -9999 -9999 -9999 -9999 -9999 -9999 -9999 -9999 -9999 -9999 -9999 -9999 -9999 -9999 -9999 -9999 -9999 -9999 -9999 -9999 -9999 -9999
-9999 -9999 -9999 -9999 -9999 -9999 -9999 -9999 -9999 -9999 -9999 -9999 -9999 -9999 -9999 -9999 -9999 -9999 -9999 -9999 -9999 -9999 -9999 -9999 -9999 -9999 -9999 -9999 -9999 -9999 -9999 -9999 -9999 -9999 -9999 -9999 -9999 -9999 -9999 -9999 -9999 -9999 -9999 -9999 -9999 -9999 -9999 -9999 -9999 -9999 -9999 -9999 -9999 -9999
-9999 -9999 -9999 -9999 -9999 -9999 -9999 -9999 -9999 -9999 -9999 -9999 -9999 -9999 -9999 -9999 -9999 -9999 -9999 -9999 -9999 -9999 -9999 -9999 -9999 -9999 -9999 -9999 -9999 -9999 -9999 -9999 -9999 -9999 -9999 -9999 -9999 -9999 -9999 -9999 -9999 -9999 -9999 -9999 -9999 -9999 -9999 -9999 -9999 -9999 -9999 -9999 -9999 -9999
-9999 -9999 -9999 -9999 -9999 -9999 -9999 -9999 -9999 -9999 -9999 -9999 -9999 -9999 -9999 -9999 -9999 -9999 -9999 -9999 -9999 -9999 -9999 -9999 -9999 -9999 -9999 -9999 -9999 -9999 -9999 -9999 -9999 -9999 -9999 -9999 -9999 -9999 -9999 -9999 -9999 -9999 -9999 -9999 -9999 -9999 -9999 -9999 -9999 -9999 -9999 -9999 -9999 -9999
-9999 -9999 -9999 -9999 -9999 -9999 -9999 -9999 -9999 -9999 -9999 -9999 -9999 -9999 -9999 -9999 -9999 -9999 -9999 -9999 -9999 -9999 -9999 -9999 -9999 -9999 -9999 -9999 -9999 -9999 -9999 -9999 -9999 -9999 -9999 -9999 -9999 -9999 -9999 -9999 -9999 -9999 -9999 -9999 -9999 -9999 -9999 -9999 -9999 -9999 -9999 -9999 -9999 -9999
