docs/data/Cantabria_V.asc
ncols        561
nrows        106
xllcorner    -4.318994045258
yllcorner    43.292198181152
cellsize     0.002525329590
NODATA_value  -9999
[rows 0 to 23 of 106, columns 0 to 53 of 561]
-9999 -9999 -9999 -9999 -9999 -9999 -9999 -9999 -9999 -9999 -9999 -9999 -9999 -9999 -9999 -9999 -9999 -9999 -9999 -9999 -9999 -9999 -9999 -9999 -9999 -9999 -9999 -9999 -9999 -9999 -9999 -9999 -9999 -9999 -9999 -9999 -9999 -9999 -9999 -9999 -9999 -9999 -9999 -9999 -9999 -9999 -9999 -9999 -9999 -9999 -9999 -9999 -9999 -9999
58.26776123046875 228.05381774902344 680.54071044921875 1098.2760009765625 1126.41943359375 1071.1669921875 1000.7728881835937 931.51104736328125 846.89129638671875 730.16864013671875 602.81658935546875 500.9014892578125 523.62896728515625 458.70413208007812 328.67855834960937 155.66015625 30.077985763549805 29.785366058349609 -9.4997596740722656 -16.557245254516602 -50.00390625 -96.141036987304688 -157.68260192871094 -231.59504699707031 -246.8023681640625 -242.66773986816406 -259.56536865234375 -279.57537841796875 -306.03472900390625 -296.593017578125 -298.09228515625 -308.24624633789062 -345.96920776367187 -379.99819946289062 -441.94168090820312 -492.76739501953125 -526.83154296875 -552.92852783203125 -584.8262939453125 -626.54632568359375 -680.11627197265625 -756.4761962890625 -838.394287109375 -915.490966796875 -1017.578857421875 -1115.6480712890625 -1235.8046875 -1305.8828125 -1398.476806640625 -1429.5087890625 -1470.1622314453125 -1438.77490234375 -1320.6680908203125 -1359.1832275390625
540.29229736328125 781.33758544921875 998.0572509765625 1079.119384765625 1078.9935302734375 1054.7135009765625 998.08544921875 928.08209228515625 850.26611328125 740.1048583984375 567.49530029296875 516.070068359375 474.04293823242187 472.50814819335937 350.48614501953125 165.79342651367187 66.613471984863281 40.006454467773437 -7.8738617897033691 -35.177665710449219 -57.421756744384766 -83.200828552246094 -121.99341583251953 -212.09133911132812 -228.03538513183594 -239.61872863769531 -258.40115356445312 -278.75137329101563 -296.3834228515625 -305.7724609375 -322.50439453125 -349.19100952148437 -385.92230224609375 -425.10888671875 -470.21896362304687 -509.44027709960937 -540.0048828125 -566.68853759765625 -596.23760986328125 -634.3526611328125 -680.51007080078125 -745.88824462890625 -822.87139892578125 -905.36907958984375 -1003.4200439453125 -1105.515869140625 -1218.7354736328125 -1305.439453125 -1386.748779296875 -1430.8997802734375 -1459.7044677734375 -1453.32763671875 -1382.91162109375 -1386.747314453125
967.56683349609375 1077.2998046875 1070.9259033203125 1023.0055541992187 993.876220703125 975.6207275390625 951.38604736328125 912.726806640625 863.02978515625 793.0250244140625 635.40325927734375 604.38909912109375 496.8497314453125 545.9429931640625 456.44113159179687 279.11285400390625 142.13056945800781 84.26275634765625 24.167131423950195 -26.138757705688477 -55.8126220703125 -88.443885803222656 -127.32360076904297 -176.39851379394531 -207.02845764160156 -230.57000732421875 -251.15669250488281 -271.4410400390625 -293.25262451171875 -318.70947265625 -352.44277954101562 -393.944091796875 -439.16268920898437 -484.06536865234375 -526.36480712890625 -562.5186767578125 -592.59808349609375 -620.01824951171875 -648.5185546875 -682.55511474609375 -725.1541748046875 -781.16156005859375 -849.3922119140625 -926.514892578125 -1016.5646362304687 -1114.53857421875 -1219.6624755859375 -1309.440673828125 -1382.31884765625 -1432.7266845703125 -1459.23486328125 -1453.707275390625 -1411.54248046875 -1405.3377685546875
990.38482666015625 1108.5487060546875 1081.1622314453125 1025.196044921875 976.24432373046875 940.02581787109375 913.153076171875 886.976806640625 855.90093994140625 819.5714111328125 740.861328125 700.87835693359375 566.89453125 612.04962158203125 552.306640625 390.55050659179687 265.42581176757812 188.9171142578125 114.99737548828125 47.309478759765625 0.40530973672866821 -65.710273742675781 -114.27590942382812 -166.73379516601562 -205.19305419921875 -232.18075561523437 -252.92733764648437 -273.78939819335937 -299.52508544921875 -332.30487060546875 -373.60202026367187 -421.74484252929687 -472.64599609375 -522.325927734375 -567.83575439453125 -607.529296875 -641.92596435546875 -673.0155029296875 -703.23773193359375 -735.793701171875 -774.32757568359375 -825.23614501953125 -883.45404052734375 -953.22515869140625 -1034.3551025390625 -1124.7696533203125 -1221.533203125 -1308.7769775390625 -1376.6116943359375 -1429.3123779296875 -1456.0836181640625 -1450.04248046875 -1423.32421875 -1415.5146484375
1118.87548828125 1176.4830322265625 1156.7596435546875 1107.078369140625 1045.7896728515625 991.76788330078125 950.5126953125 918.62286376953125 889.689697265625 862.307373046875 835.2884521484375 788.3358154296875 683.87066650390625 695.22344970703125 642.1513671875 503.78512573242187 360.88333129882812 250.52645874023437 181.71917724609375 121.62860870361328 59.619216918945313 -33.183647155761719 -86.164619445800781 -143.76603698730469 -181.85693359375 -213.40394592285156 -242.79640197753906 -273.94415283203125 -309.6256103515625 -351.22161865234375 -398.80526733398437 -451.21697998046875 -505.47042846679687 -557.88623046875 -605.4010009765625 -648.422607421875 -684.90899658203125 -716.5247802734375 -744.803466796875 -772.153076171875 -804.2794189453125 -853.8564453125 -903.60589599609375 -970.14111328125 -1044.591064453125 -1128.6796875 -1218.67431640625 -1302.3682861328125 -1367.5628662109375 -1421.1474609375 -1448.5618896484375 -1443.4691162109375 -1425.5269775390625 -1417.088134765625
1215.73046875 1163.585205078125 1131.8358154296875 1105.406005859375 1071.1077880859375 1035.201904296875 1003.3671264648437 975.26153564453125 947.45684814453125 918.616455078125 890.9495849609375 859.81976318359375 799.649658203125 762.64483642578125 697.0513916015625 587.9210205078125 431.3349609375 283.19390869140625 213.52088928222656 152.98832702636719 84.781776428222656 3.7244706153869629 -48.003513336181641 -100.20458221435547 -141.85635375976563 -184.72390747070312 -228.80332946777344 -273.35537719726562 -317.93548583984375 -364.25051879882812 -413.70306396484375 -465.48263549804687 -516.364990234375 -569.99017333984375 -618.7476806640625 -657.07794189453125 -693.92816162109375 -725.30810546875 -753.9193115234375 -778.58599853515625 -810.06207275390625 -861.80157470703125 -910.5853271484375 -977.10076904296875 -1048.9251708984375 -1129.9112548828125 -1214.60888671875 -1294.6173095703125 -1358.476806640625 -1412.4747314453125 -1440.7750244140625 -1437.4920654296875 -1425.603271484375 -1416.4818115234375
1171.72509765625 1062.6251220703125 1025.611083984375 1015.9134521484375 1012.530029296875 1007.2076416015625 997.65924072265625 983.073486328125 961.37237548828125 930.82781982421875 895.816162109375 858.66455078125 813.05419921875 752.6756591796875 682.61834716796875 595.3431396484375 453.29183959960937 295.89913940429687 221.04530334472656 157.50202941894531 95.214675903320312 35.868602752685547 -15.059261322021484 -65.548362731933594 -116.89060211181641 -170.65745544433594 -224.57716369628906 -274.06631469726562 -319.86212158203125 -364.32388305664062 -409.56622314453125 -455.64932250976562 -499.60324096679687 -549.338623046875 -601.2987060546875 -632.54998779296875 -669.49420166015625 -706.36041259765625 -743.21624755859375 -773.32666015625 -811.319580078125 -865.19134521484375 -917.2998046875 -982.688232421875 -1054.0133056640625 -1133.5308837890625 -1213.5498046875 -1290.0921630859375 -1353.4044189453125 -1407.757080078125 -1437.1400146484375 -1436.8848876953125 -1428.0880126953125 -1418.5645751953125
1039.0338134765625 969.71527099609375 942.98809814453125 929.68792724609375 927.46160888671875 927.79034423828125 923.5606689453125 912.43853759765625 890.8934326171875 855.90362548828125 814.40740966796875 768.43035888671875 713.21337890625 656.27105712890625 599.44183349609375 529.0865478515625 403.12197875976562 265.97592163085937 195.3271484375 139.66014099121094 87.365341186523438 35.638072967529297 -15.981951713562012 -69.368408203125 -123.61135864257812 -177.23274230957031 -228.730712890625 -274.35873413085937 -316.25265502929687 -355.38858032226562 -392.88323974609375 -435.33642578125 -477.3843994140625 -518.42755126953125 -572.21527099609375 -606.936279296875 -642.88720703125 -687.68475341796875 -732.896484375 -770.7630615234375 -816.1497802734375 -869.643798828125 -925.4609375 -989.3778076171875 -1061.3800048828125 -1140.0909423828125 -1216.8560791015625 -1290.7947998046875 -1353.621826171875 -1407.900390625 -1438.11279296875 -1441.4090576171875 -1432.23095703125 -1421.0638427734375
984.22137451171875 953.111083984375 914.69085693359375 886.12261962890625 868.45196533203125 852.33544921875 832.0859375 806.79876708984375 771.455322265625 724.458984375 678.29217529296875 629.45404052734375 573.00360107421875 531.71221923828125 501.35916137695312 447.44149780273437 335.59622192382812 225.31784057617187 142.01300048828125 92.152023315429688 47.381675720214844 1.4240639209747314 -46.236560821533203 -94.742759704589844 -142.41690063476562 -188.66069030761719 -232.96455383300781 -273.95074462890625 -312.88232421875 -349.56732177734375 -383.03286743164062 -426.50384521484375 -468.80413818359375 -503.59616088867187 -554.85076904296875 -597.20318603515625 -632.57470703125 -680.48016357421875 -728.526123046875 -771.25775146484375 -822.0748291015625 -875.3658447265625 -935.02838134765625 -999.85198974609375 -1073.1502685546875 -1150.9537353515625 -1225.1002197265625 -1296.0523681640625 -1356.8817138671875 -1409.973388671875 -1440.3121337890625 -1446.3072509765625 -1435.2314453125 -1421.57861328125
986.44854736328125 935.02471923828125 898.387939453125 870.11090087890625 841.3414306640625 806.93536376953125 767.046630859375 722.65185546875 665.80145263671875 601.8499755859375 553.91326904296875 502.71542358398437 451.68899536132812 453.23495483398438 466.02548217773437 430.55801391601562 321.76846313476563 207.26832580566406 101.89492034912109 52.1640625 11.231019020080566 -30.02674674987793 -72.419914245605469 -115.21604156494141 -157.47035217285156 -198.79959106445312 -238.73638916015625 -277.54946899414062 -316.77621459960937 -355.26043701171875 -390.34408569335938 -434.07925415039062 -475.49691772460937 -508.58514404296875 -553.88311767578125 -598.58990478515625 -633.60589599609375 -679.73089599609375 -727.9678955078125 -774.08892822265625 -829.2872314453125 -885.2320556640625 -948.16583251953125 -1015.5906372070312 -1089.0980224609375 -1164.577880859375 -1235.3009033203125 -1301.9425048828125 -1359.060791015625 -1410.4090576171875 -1440.633056640625 -1448.448974609375 -1435.49853515625 -1419.1749267578125
959.95849609375 903.17510986328125 873.0885009765625 845.7193603515625 811.291748046875 768.64154052734375 720.85406494140625 667.915283203125 594.9305419921875 521.52142333984375 481.52774047851562 430.37152099609375 409.72613525390625 471.13229370117187 511.4818115234375 480.187744140625 361.90679931640625 208.8763427734375 93.543838500976563 35.7586669921875 -8.3800277709960937 -49.958213806152344 -91.667587280273437 -133.33963012695312 -174.02005004882812 -212.93470764160156 -251.79090881347656 -292.089599609375 -332.96554565429687 -372.58966064453125 -409.66110229492187 -449.77096557617187 -488.67291259765625 -522.10369873046875 -561.03125 -603.99798583984375 -639.74786376953125 -683.730712890625 -732.89068603515625 -782.49871826171875 -840.94940185546875 -900.81494140625 -965.4688720703125 -1034.4619140625 -1105.678466796875 -1176.8465576171875 -1243.19775390625 -1305.132080078125 -1358.3631591796875 -1408.6405029296875 -1439.084228515625 -1448.024658203125 -1433.136474609375 -1414.056884765625
913.7593994140625 858.3236083984375 806.5572509765625 771.35186767578125 739.67694091796875 704.799560546875 666.83001708984375 622.64984130859375 547.724609375 496.98019409179687 482.60089111328125 446.01443481445312 498.90078735351562 573.23065185546875 589.67498779296875 539.65692138671875 419.39300537109375 235.59025573730469 112.49940490722656 27.00560188293457 -26.73670768737793 -71.101150512695313 -114.42954254150391 -157.46331787109375 -198.76939392089844 -236.83137512207031 -276.05389404296875 -317.782958984375 -357.365234375 -394.54928588867187 -430.2197265625 -465.63302612304687 -501.10296630859375 -534.91009521484375 -570.5966796875 -611.868896484375 -650.59759521484375 -694.6580810546875 -745.51080322265625 -798.065673828125 -857.59100341796875 -919.6749267578125 -983.7525634765625 -1051.4539794921875 -1118.2457275390625 -1184.326171875 -1246.9981689453125 -1305.7579345703125 -1356.514892578125 -1406.8310546875 -1437.60595703125 -1446.5201416015625 -1428.72216796875 -1406.4737548828125
872.84246826171875 754.3970947265625 692.52728271484375 670.1419677734375 656.60357666015625 641.71331787109375 625.68060302734375 603.81683349609375 547.72015380859375 557.8896484375 581.695556640625 571.5277099609375 650.6591796875 671.058349609375 638.3826904296875 570.40643310546875 462.37496948242187 285.91748046875 121.97049713134766 6.3854355812072754 -55.412143707275391 -100.70958709716797 -143.96981811523437 -188.67781066894531 -231.78671264648437 -269.53692626953125 -306.359130859375 -345.050048828125 -380.9630126953125 -414.38278198242187 -446.84255981445312 -479.54080200195312 -512.77508544921875 -547.02813720703125 -582.98284912109375 -624.04449462890625 -666.60101318359375 -712.3482666015625 -764.2470703125 -818.27447509765625 -876.32952880859375 -937.3077392578125 -998.1763916015625 -1062.0419921875 -1124.6636962890625 -1187.426025390625 -1249.029541015625 -1306.93359375 -1356.4656982421875 -1406.9871826171875 -1437.192138671875 -1444.1947021484375 -1421.6370849609375 -1398.108154296875
779.2320556640625 641.07110595703125 625.41619873046875 637.94488525390625 644.89141845703125 647.85400390625 654.02880859375 659.13916015625 640.7034912109375 693.05615234375 733.51995849609375 730.39324951171875 734.601806640625 692.93353271484375 628.930908203125 557.2269287109375 467.91055297851562 319.50460815429687 100.44234466552734 -26.485824584960938 -88.068130493164062 -136.28549194335937 -177.37155151367187 -224.03594970703125 -266.0263671875 -301.30905151367187 -333.92431640625 -368.17794799804687 -400.71395874023437 -431.27069091796875 -461.6815185546875 -493.4822998046875 -526.2537841796875 -561.2779541015625 -598.8045654296875 -640.453369140625 -685.77630615234375 -733.02288818359375 -784.39080810546875 -838.06060791015625 -892.7279052734375 -949.8004150390625 -1006.3702392578125 -1066.344482421875 -1127.7115478515625 -1190.3173828125 -1253.156982421875 -1310.98779296875 -1358.8304443359375 -1408.503662109375 -1436.5484619140625 -1439.2113037109375 -1409.898681640625 -1397.2525634765625
638.6468505859375 641.103515625 694.461181640625 724.87225341796875 733.09130859375 738.88665771484375 753.5469970703125 771.59332275390625 778.16461181640625 804.04925537109375 811.6162109375 781.8375244140625 722.55029296875 652.57379150390625 582.281494140625 516.16424560546875 446.1761474609375 328.234619140625 103.74993133544922 -49.815326690673828 -118.49198150634766 -172.54597473144531 -211.84931945800781 -257.83792114257812 -294.71438598632812 -327.39401245117187 -357.4544677734375 -388.68734741210937 -418.82009887695312 -447.70700073242187 -477.46194458007812 -508.98748779296875 -541.90234375 -577.56182861328125 -616.151123046875 -658.0426025390625 -704.23321533203125 -751.5152587890625 -800.59844970703125 -852.34014892578125 -903.2496337890625 -956.00836181640625 -1010.281982421875 -1069.03662109375 -1132.3248291015625 -1196.6219482421875 -1260.2574462890625 -1316.513427734375 -1361.032470703125 -1408.4805908203125 -1432.5145263671875 -1428.269775390625 -1396.7264404296875 -1415.5753173828125
600.36785888671875 764.59979248046875 838.507568359375 855.0169677734375 849.8321533203125 846.1627197265625 848.866943359375 850.7896728515625 846.1715087890625 828.58367919921875 793.55450439453125 736.5064697265625 667.86737060546875 597.647705078125 532.73089599609375 477.02322387695312 425.53573608398437 340.56326293945313 154.33732604980469 -61.211383819580078 -150.4586181640625 -204.25599670410156 -245.04376220703125 -286.03375244140625 -318.71871948242187 -350.09121704101562 -379.27084350585937 -408.82171630859375 -436.98428344726562 -464.5709228515625 -493.94244384765625 -525.07550048828125 -557.83941650390625 -593.42608642578125 -631.89056396484375 -672.9107666015625 -717.9429931640625 -763.56622314453125 -809.49224853515625 -858.92022705078125 -907.895263671875 -958.73138427734375 -1014.473388671875 -1074.933349609375 -1140.680908203125 -1205.7322998046875 -1267.280517578125 -1319.8170166015625 -1359.9013671875 -1404.3714599609375 -1423.568359375 -1414.08447265625 -1395.75634765625 -1453.425048828125
776.0357666015625 895.8231201171875 931.6502685546875 927.20458984375 913.007568359375 900.4461669921875 885.42724609375 863.18035888671875 835.37640380859375 798.4061279296875 746.53155517578125 682.70574951171875 616.74090576171875 552.43023681640625 491.46487426757812 442.01556396484375 405.04986572265625 344.216064453125 193.75550842285156 -72.37115478515625 -180.28721618652344 -231.3521728515625 -274.28665161132812 -309.40805053710938 -341.6693115234375 -371.96755981445312 -400.35018920898437 -428.12530517578125 -454.14834594726562 -480.42843627929687 -509.0015869140625 -539.39898681640625 -571.51385498046875 -606.1912841796875 -643.404052734375 -682.47869873046875 -724.86138916015625 -768.10552978515625 -811.97735595703125 -860.55731201171875 -910.82354736328125 -963.1080322265625 -1022.468505859375 -1084.944580078125 -1150.4832763671875 -1213.6634521484375 -1270.6629638671875 -1318.40185546875 -1353.7811279296875 -1394.1131591796875 -1405.618896484375 -1390.349609375 -1416.2149658203125 -1493.8519287109375
927.62091064453125 938.15924072265625 946.76458740234375 933.4327392578125 915.7261962890625 896.7979736328125 870.07781982421875 834.85638427734375 794.26556396484375 747.48260498046875 692.505615234375 632.74102783203125 574.06585693359375 517.42596435546875 458.544921875 406.97152709960937 377.76040649414062 330.12539672851563 201.41680908203125 -79.12603759765625 -201.52859497070312 -256.78253173828125 -299.947509765625 -331.50534057617187 -365.06512451171875 -393.024169921875 -419.37789916992187 -444.34991455078125 -468.10867309570312 -493.22976684570312 -520.53009033203125 -549.8524169921875 -581.0731201171875 -614.47576904296875 -649.9495849609375 -686.88885498046875 -726.6551513671875 -768.59942626953125 -813.06640625 -863.21795654296875 -916.9974365234375 -972.28936767578125 -1033.818359375 -1095.64013671875 -1157.3160400390625 -1216.8125 -1268.8138427734375 -1310.87060546875 -1341.977294921875 -1376.1539306640625 -1380.9305419921875 -1379.4991455078125 -1449.15185546875 -1519.1270751953125
865.388671875 926.578369140625 931.19769287109375 908.92510986328125 883.00872802734375 855.10516357421875 819.76904296875 778.15643310546875 733.1318359375 684.9947509765625 634.381103515625 583.36676025390625 534.00079345703125 485.8564453125 433.4691162109375 380.7530517578125 349.81784057617187 306.18911743164062 206.59120178222656 -40.413158416748047 -214.37725830078125 -279.12759399414062 -326.07220458984375 -354.87277221679687 -386.7437744140625 -410.76654052734375 -434.04898071289062 -455.262451171875 -477.31887817382812 -501.44448852539062 -527.42498779296875 -555.8497314453125 -586.5189208984375 -619.064208984375 -653.29815673828125 -689.13616943359375 -728.055419921875 -770.8975830078125 -818.2220458984375 -871.28912353515625 -928.06964111328125 -984.910400390625 -1044.622802734375 -1102.4052734375 -1158.59326171875 -1214.20849609375 -1261.295166015625 -1296.2445068359375 -1324.140380859375 -1352.046875 -1362.351318359375 -1401.38037109375 -1478.16357421875 -1528.58056640625
814.87750244140625 920.63330078125 898.87286376953125 859.33331298828125 823.466552734375 788.0384521484375 747.9215087890625 705.0311279296875 661.84234619140625 618.83673095703125 576.284912109375 534.6141357421875 493.67971801757812 452.8026123046875 410.0322265625 365.60552978515625 330.46780395507812 290.30810546875 221.83027648925781 42.553226470947266 -213.75701904296875 -301.2679443359375 -351.56314086914063 -378.4984130859375 -403.86349487304687 -423.34713745117187 -442.94235229492187 -459.9686279296875 -481.81878662109375 -505.12261962890625 -530.68829345703125 -559.18402099609375 -590.13140869140625 -622.7579345703125 -656.968994140625 -693.43377685546875 -733.69622802734375 -778.9639892578125 -829.4727783203125 -884.69647216796875 -941.922119140625 -997.0145263671875 -1051.0595703125 -1102.8878173828125 -1154.17724609375 -1205.4791259765625 -1246.7249755859375 -1274.3165283203125 -1301.869384765625 -1329.36572265625 -1359.5152587890625 -1431.6405029296875 -1497.5272216796875 -1532.5552978515625
836.2935791015625 868.12841796875 825.865966796875 783.985595703125 748.5506591796875 711.935546875 671.655517578125 631.46185302734375 593.9437255859375 558.4229736328125 523.68011474609375 489.20755004882812 454.4481201171875 418.62066650390625 381.8995361328125 345.30355834960937 310.30661010742188 273.18606567382812 220.93348693847656 85.854583740234375 -201.95968627929687 -320.76394653320312 -372.320068359375 -397.95068359375 -415.3026123046875 -430.4775390625 -446.4647216796875 -460.33517456054687 -483.86868286132812 -507.17059326171875 -533.9007568359375 -563.6259765625 -595.6226806640625 -629.1572265625 -664.49432373046875 -702.87481689453125 -745.49298095703125 -793.0009765625 -845.15753173828125 -900.3876953125 -955.38214111328125 -1005.9820556640625 -1052.382568359375 -1097.6103515625 -1144.2410888671875 -1189.37109375 -1223.7716064453125 -1247.682373046875 -1279.379638671875 -1315.17724609375 -1378.977294921875 -1458.9642333984375 -1513.212158203125 -1537.9248046875
809.95538330078125 775.53204345703125 741.45831298828125 709.58282470703125 676.9090576171875 639.75433349609375 601.0731201171875 565.71337890625 535.45635986328125 507.462646484375 478.96136474609375 449.09414672851562 417.9708251953125 385.41024780273437 351.332275390625 316.36102294921875 281.0579833984375 241.77793884277344 190.17512512207031 80.963455200195313 -161.56190490722656 -336.36767578125 -386.29290771484375 -409.86065673828125 -420.6226806640625 -433.03457641601562 -447.06600952148437 -461.294921875 -487.35552978515625 -512.26214599609375 -541.2100830078125 -572.68939208984375 -605.9503173828125 -640.644287109375 -677.515869140625 -717.91900634765625 -762.35906982421875 -810.673095703125 -862.26385498046875 -915.304931640625 -966.57659912109375 -1011.8784790039062 -1050.4554443359375 -1088.6785888671875 -1129.45166015625 -1166.5225830078125 -1194.444580078125 -1218.786865234375 -1263.7498779296875 -1326.51025390625 -1412.9844970703125 -1485.3287353515625 -1529.1397705078125 -1544.49853515625
760.41070556640625 712.4031982421875 677.24713134765625 642.77203369140625 605.76885986328125 567.50726318359375 532.63177490234375 504.54010009765625 483.34579467773437 463.09939575195312 439.94342041015625 413.2432861328125 384.06597900390625 353.56332397460937 322.2227783203125 290.02084350585937 256.60086059570312 219.90177917480469 171.97821044921875 94.010993957519531 -63.202983856201172 -334.32827758789063 -397.23236083984375 -414.87017822265625 -421.21588134765625 -433.49020385742187 -449.41015625 -467.73391723632812 -495.5906982421875 -523.3909912109375 -554.443359375 -587.2835693359375 -621.40789794921875 -656.950439453125 -694.99224853515625 -736.57586669921875 -781.53912353515625 -829.07781982421875 -878.3328857421875 -927.80047607421875 -975.0552978515625 -1015.6845703125 -1047.5958251953125 -1079.451171875 -1114.1478271484375 -1144.042724609375 -1170.5206298828125 -1206.971923828125 -1275.7928466796875 -1364.657958984375 -1450.108154296875 -1511.39208984375 -1542.81982421875 -1547.1171875
