docs/data/Cantabria_V.asc
ncols        561
nrows        106
xllcorner    -4.318994045258
yllcorner    43.292198181152
cellsize     0.002525329590
NODATA_value  -9999
[rows 0 to 23 of 106, columns 162 to 215 of 561]
-9999 -9999 -9999 -9999 -9999 -9999 -9999 -9999 -9999 -9999 -9999 -9999 -9999 -9999 -9999 -9999 -9999 -9999 -9999 -9999 -9999 -9999 -9999 -9999 -9999 -9999 -9999 -9999 -9999 -9999 -9999 -9999 -9999 -9999 -9999 -9999 -9999 -9999 -9999 -9999 -9999 -9999 -9999 -9999 -9999 -9999 -9999 -9999 -9999 -9999 -9999 -9999 -9999 -9999
972.71337890625 941.86346435546875 914.02569580078125 884.491943359375 856.9127197265625 833.4801025390625 812.36346435546875 793.96954345703125 777.265869140625 762.927001953125 747.95355224609375 734.0614013671875 723.91961669921875 714.3037109375 710.72320556640625 718.6004638671875 740.49053955078125 765.182861328125 788.59356689453125 812.84527587890625 833.74957275390625 858.37554931640625 901.88427734375 945.0458984375 948.59503173828125 863.28076171875 868.6337890625 905.6612548828125 868.368408203125 848.44427490234375 876.60546875 950.00762939453125 1010.8517456054687 1015.01025390625 961.401611328125 924.96533203125 852.73602294921875 808.5408935546875 739.9212646484375 706.7442626953125 714.545166015625 782.40869140625 845.35137939453125 850.56640625 842.94989013671875 825.602294921875 803.43438720703125 784.90057373046875 757.995361328125 722.06689453125 677.8597412109375 637.07208251953125 595.16290283203125 553.11077880859375
951.07861328125 917.91583251953125 886.13665771484375 856.13580322265625 828.07684326171875 803.0028076171875 780.27911376953125 760.0411376953125 742.11346435546875 726.879638671875 711.9652099609375 697.5224609375 685.3355712890625 681.18292236328125 688.1749267578125 704.00421142578125 726.4359130859375 753.5618896484375 776.60516357421875 804.16339111328125 838.8885498046875 894.9820556640625 956.494384765625 997.0753173828125 1007.6661987304687 947.30517578125 959.056396484375 988.823486328125 961.57745361328125 945.4730224609375 985.5 1034.354248046875 1052.877197265625 1031.7802734375 978.624755859375 910.2593994140625 830.2982177734375 774.44793701171875 733.27093505859375 733.995361328125 765.0201416015625 831.6046142578125 868.25689697265625 871.3253173828125 856.04046630859375 833.85711669921875 810.14752197265625 783.40972900390625 753.9434814453125 716.63360595703125 672.35760498046875 625.609375 575.71527099609375 524.35821533203125
885.57989501953125 855.65216064453125 826.9202880859375 799.806396484375 774.651123046875 751.57421875 730.667236328125 712.00091552734375 695.34881591796875 680.16375732421875 665.4403076171875 651.03363037109375 640.8037109375 640.37530517578125 653.80401611328125 674.37738037109375 701.6231689453125 735.40966796875 768.83447265625 805.608154296875 856.9456787109375 928.8079833984375 992.50244140625 1028.4423828125 1037.5513916015625 1008.0977172851562 1018.62353515625 1021.6764526367187 989.99267578125 993.17626953125 1015.3095703125 1003.6832275390625 967.3031005859375 930.95526123046875 894.722412109375 830.94854736328125 763.3875732421875 732.8514404296875 721.5572509765625 762.536865234375 805.26739501953125 841.49285888671875 842.93017578125 826.4056396484375 804.38018798828125 781.50152587890625 759.12408447265625 735.6541748046875 709.18890380859375 679.04656982421875 645.82086181640625 609.91387939453125 570.3533935546875 525.86822509765625
809.9586181640625 781.13409423828125 753.89678955078125 728.76544189453125 706.02032470703125 685.7308349609375 667.8760986328125 652.311279296875 638.73529052734375 626.61737060546875 615.10589599609375 603.72161865234375 595.10211181640625 591.09063720703125 603.9476318359375 623.35693359375 651.3408203125 684.699951171875 720.40081787109375 770.96417236328125 848.86676025390625 934.921630859375 996.26800537109375 1023.7994995117187 1019.119384765625 976.36700439453125 957.94659423828125 930.6539306640625 870.2447509765625 867.52154541015625 861.58465576171875 825.2086181640625 789.5450439453125 765.70751953125 736.5889892578125 680.7039794921875 638.75433349609375 637.44683837890625 654.95928955078125 720.8551025390625 757.99969482421875 769.2838134765625 755.9400634765625 734.716064453125 713.34588623046875 693.65765380859375 674.7196044921875 654.7032470703125 632.55401611328125 608.348388671875 582.70452880859375 555.5582275390625 525.449951171875 491.19674682617187
732.74591064453125 703.9754638671875 677.58056640625 653.91815185546875 633.1434326171875 615.18304443359375 599.8477783203125 586.86541748046875 575.99407958984375 566.8760986328125 558.909912109375 551.771728515625 545.864013671875 543.8326416015625 563.371337890625 586.178955078125 614.4739990234375 641.29254150390625 674.15936279296875 741.2542724609375 839.94366455078125 927.8760986328125 982.8629150390625 1002.9251708984375 990.01806640625 941.53729248046875 887.99383544921875 844.09588623046875 771.17095947265625 760.72802734375 720.22882080078125 663.263671875 627.37042236328125 605.06622314453125 576.3275146484375 532.146728515625 513.858642578125 522.85833740234375 563.87200927734375 636.30645751953125 661.02911376953125 657.53802490234375 639.380615234375 619.72186279296875 602.950927734375 588.61962890625 574.62005615234375 559.04278564453125 541.3101806640625 522.0845947265625 502.35592651367187 481.98834228515625 459.4039306640625 433.41275024414062
657.5118408203125 630.03424072265625 605.416259765625 583.95556640625 565.821533203125 550.8841552734375 538.8017578125 529.175048828125 521.88043212890625 516.72027587890625 513.4417724609375 513.10589599609375 511.0809326171875 522.127685546875 548.24652099609375 573.489990234375 598.13580322265625 614.89068603515625 643.845947265625 718.0120849609375 818.3963623046875 899.6302490234375 950.48748779296875 969.36572265625 956.375244140625 908.746826171875 845.83538818359375 795.6663818359375 719.04803466796875 674.51513671875 591.27880859375 521.4925537109375 485.27969360351562 456.9581298828125 427.850341796875 410.96844482421875 397.716552734375 403.28497314453125 462.01583862304687 530.5718994140625 541.302490234375 528.05242919921875 509.07745361328125 493.2215576171875 481.65365600585937 472.61593627929687 463.4947509765625 452.42791748046875 439.24124145507812 424.81411743164062 409.19577026367187 392.14599609375 373.12997436523437 352.02978515625
586.92864990234375 561.99462890625 540.291748046875 521.97064208984375 507.21298217773437 495.91000366210937 487.65032958984375 481.96072387695312 479.02597045898437 478.27984619140625 480.97061157226562 489.57464599609375 495.43533325195312 520.71923828125 545.04681396484375 565.5517578125 581.87762451171875 596.264404296875 626.7222900390625 703.42535400390625 781.57366943359375 840.83404541015625 883.73321533203125 906.98516845703125 909.61212158203125 885.6220703125 838.99371337890625 790.95111083984375 703.7220458984375 610.32208251953125 498.73916625976562 422.05120849609375 373.4827880859375 330.57431030273437 304.56246948242187 325.29595947265625 290.06124877929687 290.74777221679687 358.2298583984375 421.21066284179687 423.86712646484375 405.66766357421875 386.80307006835937 373.95062255859375 365.84426879882812 360.6661376953125 355.35147094726562 348.3646240234375 340.53689575195312 332.1719970703125 319.10809326171875 300.20065307617187 279.76815795898437 258.73013305664062
519.1580810546875 498.10598754882812 480.65093994140625 466.72207641601562 456.40078735351562 449.56546020507812 445.83352661132812 444.58529663085937 446.61898803710937 449.7501220703125 459.85025024414062 474.97021484375 490.65066528320312 516.16546630859375 534.9468994140625 549.298583984375 562.3079833984375 589.64019775390625 628.41693115234375 708.90765380859375 745.11846923828125 760.74365234375 777.2362060546875 795.30169677734375 811.03277587890625 826.6033935546875 829.03228759765625 793.71063232421875 687.756591796875 552.846923828125 428.330322265625 344.1861572265625 277.74102783203125 223.27859497070312 206.26655578613281 256.19879150390625 187.10025024414062 189.72245788574219 256.78646850585937 317.25222778320312 324.813232421875 308.07376098632812 287.52566528320312 276.27520751953125 268.42718505859375 264.69485473632812 260.688232421875 255.93766784667969 253.58474731445312 251.73185729980469 240.68522644042969 212.72726440429687 186.00784301757812 161.37652587890625
455.42410278320312 440.29556274414062 428.98776245117187 420.99273681640625 416.13412475585937 414.29904174804687 415.1199951171875 417.92108154296875 423.25277709960937 429.20468139648437 442.40542602539062 456.8597412109375 475.13693237304687 494.76663208007812 510.6412353515625 524.66815185546875 548.0220947265625 595.7012939453125 643.49468994140625 704.890380859375 706.578125 681.86358642578125 658.78814697265625 653.37255859375 663.390625 703.65625 753.22564697265625 736.9278564453125 622.65625 473.398681640625 350.58975219726562 262.70672607421875 185.08995056152344 128.245361328125 129.25094604492187 194.82066345214844 106.64231109619141 115.79900360107422 181.34989929199219 242.77668762207031 260.41375732421875 249.81996154785156 228.82609558105469 215.13032531738281 205.75595092773437 200.25053405761719 191.94212341308594 182.77957153320312 179.64634704589844 179.64302062988281 171.69297790527344 133.32231140136719 98.946487426757812 70.366302490234375
406.17837524414062 399.76419067382812 395.82022094726562 393.34326171875 392.22177124023437 392.8306884765625 394.47344970703125 396.69155883789062 399.5980224609375 403.64703369140625 410.76638793945312 419.3648681640625 434.21932983398437 452.19125366210937 470.53146362304688 495.50372314453125 539.49725341796875 595.5450439453125 637.9676513671875 662.3377685546875 648.5673828125 607.55560302734375 561.272705078125 536.6629638671875 532.8392333984375 578.71551513671875 615.099609375 589.62310791015625 481.25924682617188 351.13336181640625 246.98507690429687 163.978271484375 84.671218872070312 35.921527862548828 79.909065246582031 136.82225036621094 76.974693298339844 101.69596862792969 174.2171630859375 233.96388244628906 253.07240295410156 243.14537048339844 220.68431091308594 197.2763671875 181.65211486816406 173.94920349121094 160.67964172363281 141.65457153320312 126.45066833496094 119.30485534667969 110.1209716796875 66.699729919433594 25.64409065246582 -9.0073757171630859
399.41830444335937 400.80252075195312 398.911865234375 394.322998046875 388.18240356445312 381.70623779296875 373.06076049804687 364.6326904296875 357.40945434570312 352.86965942382812 351.2113037109375 354.25277709960937 366.98196411132812 388.09500122070312 418.2823486328125 463.88796997070312 519.1578369140625 563.186767578125 585.78839111328125 585.38763427734375 560.643310546875 519.8916015625 478.5848388671875 462.03274536132812 463.4012451171875 519.5311279296875 509.9393310546875 435.04498291015625 321.96343994140625 215.707275390625 130.52828979492187 51.960811614990234 -24.030418395996094 -63.559158325195312 39.381763458251953 78.748870849609375 95.6419677734375 160.23321533203125 239.505615234375 287.97671508789062 297.490234375 279.20556640625 251.67684936523437 216.84794616699219 188.80032348632812 176.36647033691406 163.07913208007812 138.63253784179687 114.80474853515625 95.786331176757813 67.9862060546875 20.407114028930664 -26.528656005859375 -73.918388366699219
468.71646118164062 466.72763061523437 454.38916015625 435.35137939453125 412.60964965820312 388.14981079101562 359.58151245117187 334.50628662109375 311.88784790039062 296.14346313476562 286.37442016601562 280.20614624023437 286.37576293945313 313.48193359375 363.737060546875 421.67098999023437 468.05050659179687 493.97222900390625 500.92373657226562 489.09609985351562 459.62628173828125 429.77615356445312 408.31961059570312 414.41055297851562 440.75045776367187 509.5985107421875 502.26443481445312 401.00164794921875 255.70535278320312 128.68965148925781 33.786800384521484 -50.504039764404297 -100.71796417236328 -64.176521301269531 -16.057727813720703 22.096675872802734 106.75365447998047 215.75509643554687 290.30224609375 329.36508178710937 329.37939453125 305.1378173828125 278.06390380859375 240.55924987792969 206.95928955078125 185.88983154296875 174.85247802734375 153.13162231445312 130.91105651855469 110.76405334472656 62.724067687988281 3.8991830348968506 -49.024051666259766 -109.67041015625
590.644287109375 580.8492431640625 560.36944580078125 531.72369384765625 498.00814819335937 461.94235229492187 422.658203125 388.35308837890625 353.07943725585937 325.26431274414062 301.29190063476562 266.84332275390625 239.11245727539062 259.06280517578125 315.31240844726562 361.995361328125 400.35980224609375 419.76950073242187 419.45474243164062 404.23025512695312 381.6483154296875 369.75650024414062 369.87136840820312 392.53536987304687 433.36505126953125 487.23880004882812 509.75436401367187 445.08355712890625 271.93814086914062 92.091598510742187 -38.827121734619141 -129.57980346679687 -147.26609802246094 -19.481639862060547 -61.633190155029297 -27.651748657226562 72.45880126953125 190.34149169921875 263.96316528320313 302.124267578125 303.49383544921875 284.66769409179687 263.43698120117187 229.77040100097656 198.27590942382812 172.74356079101562 166.17098999023437 150.30357360839844 138.2269287109375 134.41943359375 93.200607299804687 18.095508575439453 -39.520786285400391 -111.52659606933594
690.18548583984375 679.990234375 666.74603271484375 648.39410400390625 624.35357666015625 597.411376953125 569.8756103515625 544.9625244140625 515.92523193359375 486.61474609375 452.91128540039062 398.58773803710937 323.44454956054687 290.03741455078125 302.49386596679687 319.90234375 370.08035278320313 384.51559448242187 375.8148193359375 362.383544921875 353.05691528320312 354.11691284179687 363.4261474609375 384.59024047851562 416.31198120117187 453.47052001953125 517.47540283203125 469.56674194335937 266.52490234375 48.106739044189453 -126.9342041015625 -195.69888305664062 -187.67411804199219 -71.68377685546875 -119.15701293945312 -78.524093627929688 19.912389755249023 135.56903076171875 221.38626098632812 254.45004272460937 258.13629150390625 246.56840515136719 224.24192810058594 189.37898254394531 153.65863037109375 130.37748718261719 124.47164916992187 116.73947906494141 120.46475219726562 140.57162475585938 139.23233032226562 104.79017639160156 71.531539916992188 -77.453742980957031
720.17034912109375 708.13385009765625 701.38885498046875 697.342041015625 691.97747802734375 683.3416748046875 673.81634521484375 664.50042724609375 651.67669677734375 633.536376953125 606.853515625 569.6114501953125 504.24615478515625 423.48483276367187 366.33297729492187 344.19525146484375 386.8463134765625 387.91763305664062 373.5703125 362.9544677734375 360.63397216796875 358.46331787109375 357.03030395507812 355.64132690429688 361.92282104492188 394.05007934570312 476.10421752929687 447.302490234375 252.72245788574219 46.671211242675781 -208.79777526855469 -274.0191650390625 -225.77572631835937 -142.05850219726562 -161.24079895019531 -89.986961364746094 11.09172534942627 128.14393615722656 212.33120727539062 224.08891296386719 214.65290832519531 206.50834655761719 182.3673095703125 139.22808837890625 97.548004150390625 86.279998779296875 75.164344787597656 78.41943359375 91.951568603515625 127.65647888183594 178.02879333496094 233.71589660644531 254.21083068847656 106.75985717773438
692.8525390625 674.9349365234375 666.473876953125 663.73828125 669.13726806640625 676.37744140625 678.1005859375 672.659912109375 660.9364013671875 644.7626953125 624.181884765625 603.45184326171875 579.6990966796875 528.56353759765625 449.47100830078125 398.469970703125 415.7890625 407.033935546875 392.57537841796875 379.24212646484375 369.59262084960937 352.61611938476562 333.4620361328125 300.45025634765625 258.01553344726562 211.11572265625 191.36030578613281 377.48190307617187 280.58773803710937 131.52867126464844 -111.50498962402344 -271.83053588867187 -261.94775390625 -216.68716430664062 -163.79974365234375 -21.847295761108398 66.676078796386719 160.03157043457031 206.84416198730469 184.38893127441406 127.79204559326172 126.76990509033203 135.49234008789062 63.318511962890625 22.947790145874023 65.548713684082031 53.878837585449219 67.400192260742187 97.169929504394531 143.97700500488281 211.82748413085937 297.18463134765625 342.13314819335938 304.96859741210937
647.099609375 629.1512451171875 621.02899169921875 614.32977294921875 619.1273193359375 632.12908935546875 640.64892578125 634.9251708984375 616.40167236328125 592.62261962890625 569.44580078125 550.05059814453125 538.51580810546875 532.5030517578125 478.85635375976562 419.49032592773437 438.37261962890625 426.80239868164062 409.29278564453125 386.441162109375 364.55728149414062 335.4012451171875 308.70596313476562 257.14892578125 165.21372985839844 32.067638397216797 -132.36898803710937 55.486515045166016 107.17697143554687 126.14188385009766 38.23565673828125 -100.67889404296875 -173.33827209472656 -284.02569580078125 -182.05943298339844 3.232982873916626 103.07888031005859 106.6744384765625 122.00977325439453 101.68061828613281 35.779064178466797 1.4047548770904541 38.730190277099609 -13.715768814086914 -13.909811973571777 42.451118469238281 29.771171569824219 33.687484741210938 88.721244812011719 150.59873962402344 196.21859741210937 245.05451965332031 300.42367553710937 325.2138671875
601.6104736328125 593.140869140625 589.59417724609375 585.46966552734375 586.76654052734375 591.4241943359375 595.67657470703125 591.54376220703125 575.0133056640625 551.60003662109375 529.42877197265625 512.47076416015625 501.4830322265625 507.60708618164062 479.32684326171875 421.57412719726562 447.17642211914062 425.55471801757813 398.53353881835937 367.866943359375 342.68710327148437 312.16415405273438 278.38162231445312 216.25119018554687 122.98363494873047 -2.4410433769226074 -194.28286743164062 -259.97073364257812 -195.33052062988281 -82.671150207519531 -15.772182464599609 40.936408996582031 -43.464363098144531 -263.83059692382812 -167.33126831054687 -66.728401184082031 94.065208435058594 96.388618469238281 59.550422668457031 38.900051116943359 -10.390639305114746 -122.60894775390625 -80.47900390625 -40.938060760498047 -4.4322395324707031 31.144077301025391 29.206153869628906 -24.321786880493164 54.237575531005859 103.57889556884766 116.13158416748047 134.06773376464844 189.42591857910156 252.71192932128906
561.99676513671875 564.249267578125 564.69622802734375 564.01983642578125 562.15576171875 556.69000244140625 550.633056640625 545.61517333984375 537.5477294921875 524.86572265625 511.21572875976563 499.431884765625 488.55914306640625 501.88778686523437 486.85360717773437 437.024658203125 444.4888916015625 406.6776123046875 365.02734375 327.55612182617187 301.10626220703125 273.70632934570312 233.89840698242187 169.70999145507812 104.44259643554687 5.177708625793457 -125.8651123046875 -257.30706787109375 -306.07330322265625 -272.22451782226562 -167.83836364746094 -1.7259902954101563 73.054832458496094 -80.705764770507813 -43.136817932128906 -92.345840454101563 -39.807720184326172 177.92478942871094 214.07176208496094 123.90200805664062 41.795440673828125 -75.394248962402344 -112.00051879882812 -90.637725830078125 -53.261066436767578 -3.113116979598999 108.09367370605469 22.287616729736328 72.419258117675781 82.943550109863281 70.372093200683594 75.68359375 104.80049133300781 161.929443359375
540.98272705078125 546.91400146484375 547.6287841796875 544.25567626953125 536.603759765625 525.6318359375 515.3853759765625 509.73480224609375 508.01358032226562 506.20147705078125 502.19451904296875 495.530029296875 485.47772216796875 498.575927734375 489.16827392578125 454.99453735351562 435.05218505859375 402.78616333007812 350.63754272460937 299.120361328125 259.38232421875 230.32365417480469 195.75650024414062 148.06671142578125 89.694847106933594 -5.2115273475646973 -101.94419097900391 -208.12974548339844 -302.1851806640625 -334.07220458984375 -298.94442749023437 -174.21192932128906 29.616207122802734 -18.485654830932617 -57.892559051513672 -120.72940826416016 -219.89637756347656 154.85090637207031 324.80026245117187 213.89967346191406 98.373138427734375 5.4368095397949219 -81.24224853515625 -135.31805419921875 -108.00615692138672 -85.994697570800781 155.09259033203125 181.62841796875 210.53091430664062 200.03147888183594 166.83418273925781 126.207275390625 99.960151672363281 101.27568054199219
543.17510986328125 549.9205322265625 548.1201171875 539.73822021484375 527.1103515625 513.33111572265625 502.70440673828125 497.72555541992187 497.63467407226562 498.75875854492187 497.54876708984375 490.87069702148437 481.23501586914062 476.07669067382812 465.1248779296875 450.83489990234375 427.34555053710937 400.82550048828125 351.32638549804687 290.43472290039062 237.64653015136719 202.78834533691406 168.7918701171875 128.30772399902344 62.471118927001953 -25.754623413085938 -116.26906585693359 -199.03193664550781 -286.58013916015625 -356.31289672851563 -389.406494140625 -353.09109497070312 -217.44532775878906 -186.48550415039062 -237.96260070800781 -206.73355102539062 -145.77479553222656 152.65606689453125 225.93106079101562 172.67134094238281 86.366020202636719 9.9452190399169922 -25.754400253295898 -75.900253295898438 -94.9842529296875 -127.03557586669922 80.299545288085938 209.56233215332031 266.42236328125 262.65240478515625 238.11538696289062 191.45973205566406 141.64730834960937 88.431297302246094
558.35791015625 564.6102294921875 560.16497802734375 549.6661376953125 536.9603271484375 523.8377685546875 512.47552490234375 504.95150756835937 501.36163330078125 499.10003662109375 494.76983642578125 484.8197021484375 472.20147705078125 453.7086181640625 435.83380126953125 435.76034545898437 425.29986572265625 388.82296752929687 337.53640747070312 275.67388916015625 222.12486267089844 181.16490173339844 138.00132751464844 90.222801208496094 23.784759521484375 -45.065921783447266 -123.48789978027344 -194.92849731445312 -265.65023803710937 -330.74005126953125 -388.11282348632812 -403.29666137695312 -354.95809936523437 -297.93032836914062 -225.53814697265625 -127.17945861816406 12.039191246032715 143.70948791503906 120.15949249267578 110.92071533203125 78.730964660644531 21.992818832397461 -12.62340259552002 -34.422687530517578 -77.120109558105469 -114.28128051757812 -29.604116439819336 76.375282287597656 144.22608947753906 173.75619506835937 183.02842712402344 175.26774597167969 134.61233520507812 83.384567260742188
565.19952392578125 565.12115478515625 559.1541748046875 550.40093994140625 540.88140869140625 530.36602783203125 518.8453369140625 507.77090454101562 499.31036376953125 493.46224975585937 487.20709228515625 477.40127563476562 463.11080932617187 447.229248046875 423.305419921875 433.8211669921875 423.47476196289062 380.59597778320312 314.4686279296875 248.84901428222656 196.9241943359375 147.45118713378906 94.240715026855469 42.638648986816406 -10.940168380737305 -56.801162719726563 -119.70139312744141 -179.45257568359375 -240.86328125 -289.1334228515625 -331.74935913085937 -362.08651733398438 -374.58905029296875 -302.066162109375 -90.931068420410156 50.245464324951172 117.99201202392578 140.49789428710937 106.353759765625 86.599327087402344 56.112010955810547 -7.2353920936584473 -62.785472869873047 -69.068435668945312 -85.261459350585937 -112.79557037353516 -87.499237060546875 -24.475839614868164 43.722972869873047 85.438331604003906 99.135223388671875 73.358062744140625 -5.8372578620910645 -20.813226699829102
