docs/data/Cantabria_V.asc
ncols        561
nrows        106
xllcorner    -4.318994045258
yllcorner    43.292198181152
cellsize     0.002525329590
NODATA_value  -9999
[rows 24 to 47 of 106, columns 324 to 377 of 561]
-79.70660400390625 -84.144569396972656 -91.201446533203125 -97.958084106445313 -103.82536315917969 -109.44940948486328 -118.08046722412109 -130.30270385742187 -149.22602844238281 -175.53767395019531 -208.30845642089844 -247.26997375488281 -287.45196533203125 -330.5888671875 -379.9622802734375 -444.64730834960937 -512.33880615234375 -575.4647216796875 -630.7901611328125 -674.75396728515625 -687.8404541015625 -698.78369140625 -701.43878173828125 -692.15081787109375 -679.8458251953125 -676.2698974609375 -684.74151611328125 -693.60369873046875 -701.44781494140625 -708.14117431640625 -711.4796142578125 -702.94049072265625 -653.49737548828125 -582.6446533203125 -497.37234497070312 -395.539306640625 -339.15823364257812 -283.67453002929687 -219.76481628417969 -191.42752075195312 -195.17207336425781 -208.36134338378906 -221.641357421875 -234.02561950683594 -245.18264770507812 -254.1279296875 -260.48651123046875 -265.52069091796875 -271.48159790039062 -279.86041259765625 -291.55593872070312 -306.48348999023437 -326.56097412109375 -361.04483032226562
-71.040573120117187 -50.381393432617187 -70.273612976074219 -86.896469116210938 -100.02805328369141 -110.34318542480469 -120.71369934082031 -132.62997436523437 -147.06515502929687 -167.10820007324219 -194.83680725097656 -230.04109191894531 -270.43496704101562 -313.00863647460937 -354.30142211914062 -405.81387329101563 -460.28207397460937 -513.76904296875 -553.9703369140625 -595.27655029296875 -606.07037353515625 -624.83477783203125 -639.3648681640625 -637.48968505859375 -621.32568359375 -601.00848388671875 -582.09674072265625 -582.58990478515625 -597.25146484375 -614.038330078125 -628.6795654296875 -622.34625244140625 -543.78515625 -444.72650146484375 -355.65109252929687 -278.4832763671875 -226.4697265625 -188.58888244628906 -155.38017272949219 -132.04060363769531 -120.36461639404297 -116.72682189941406 -117.18268585205078 -118.90997314453125 -121.10343933105469 -124.186279296875 -128.11038208007812 -133.32510375976562 -140.44009399414062 -149.63600158691406 -160.82388305664062 -176.03158569335937 -207.31045532226562 -254.99607849121094
-89.099479675292969 -35.576473236083984 -57.074390411376953 -53.006656646728516 -82.211799621582031 -101.68112182617187 -118.06978607177734 -133.64649963378906 -148.47637939453125 -162.9886474609375 -184.91986083984375 -213.18208312988281 -249.59072875976562 -290.95980834960937 -330.32864379882813 -371.16073608398437 -405.4493408203125 -444.2830810546875 -467.69686889648437 -491.82064819335937 -499.72720336914062 -510.37716674804687 -525.64324951171875 -536.84124755859375 -514.36676025390625 -503.64920043945313 -473.647705078125 -462.09613037109375 -468.22412109375 -490.85342407226562 -515.1556396484375 -518.43731689453125 -446.1424560546875 -362.7176513671875 -291.4725341796875 -232.96702575683594 -186.78543090820313 -150.21092224121094 -120.10585021972656 -94.493438720703125 -72.461112976074219 -52.151496887207031 -33.052436828613281 -16.546138763427734 -4.6987347602844238 -2.2167618274688721 -2.2709779739379883 -4.4870095252990723 -8.9352188110351562 -11.806546211242676 -18.837011337280273 -14.384418487548828 -49.558879852294922 -98.487625122070313
-105.72252655029297 -77.195755004882812 -69.102737426757813 -42.783397674560547 -76.282234191894531 -99.969223022460938 -112.51940155029297 -132.35885620117187 -142.78935241699219 -158.98744201660156 -175.82940673828125 -198.64727783203125 -227.67521667480469 -262.67959594726562 -298.333984375 -331.47296142578125 -353.231201171875 -373.79681396484375 -385.54556274414062 -394.57308959960937 -401.14227294921875 -407.21505737304687 -414.58193969726562 -426.91946411132812 -397.45858764648437 -397.84841918945312 -363.3194580078125 -355.38497924804687 -351.10284423828125 -372.62261962890625 -392.03952026367188 -406.5009765625 -372.67050170898437 -319.9278564453125 -267.1346435546875 -217.34773254394531 -170.73097229003906 -128.13206481933594 -89.892982482910156 -55.539886474609375 -24.668830871582031 4.3550515174865723 28.611848831176758 42.633556365966797 49.247180938720703 48.045124053955078 47.306308746337891 48.969005584716797 46.274066925048828 51.757095336914063 43.473674774169922 51.773757934570312 39.439071655273437 25.128129959106445
-93.27325439453125 -110.08833312988281 -84.715896606445313 -79.285499572753906 -95.403678894042969 -86.356658935546875 -108.10939025878906 -118.00193023681641 -131.92901611328125 -146.74722290039063 -159.0526123046875 -177.82965087890625 -199.41517639160156 -225.66145324707031 -252.95350646972656 -277.56802368164062 -292.93350219726562 -302.45770263671875 -308.28323364257812 -313.37600708007812 -322.00997924804687 -330.81698608398437 -339.48370361328125 -342.82498168945312 -325.21258544921875 -323.4930419921875 -279.93649291992187 -275.32638549804687 -271.02188110351562 -287.5323486328125 -300.424560546875 -318.59869384765625 -310.98080444335937 -282.49710083007812 -242.22477722167969 -195.36203002929687 -144.80810546875 -94.973564147949219 -48.145011901855469 -8.5208492279052734 17.852560043334961 34.869171142578125 43.311916351318359 39.893177032470703 28.292585372924805 22.463117599487305 19.469949722290039 19.289928436279297 14.144333839416504 22.358366012573242 10.860567092895508 2.4049217700958252 11.808517456054687 31.64091682434082
-84.350723266601563 -111.50655364990234 -95.665672302246094 -110.22926330566406 -101.26332855224609 -79.411735534667969 -121.55023193359375 -119.38087463378906 -140.91497802734375 -142.657470703125 -145.79557800292969 -145.60130310058594 -158.19955444335937 -179.00770568847656 -200.32334899902344 -216.67726135253906 -226.83468627929687 -235.68955993652344 -245.85667419433594 -259.19097900390625 -274.67843627929687 -288.5802001953125 -302.2171630859375 -301.56289672851562 -292.72463989257812 -287.88949584960937 -248.89491271972656 -239.11752319335938 -228.35002136230469 -230.39878845214844 -237.56501770019531 -241.64393615722656 -241.18576049804687 -223.68864440917969 -189.62370300292969 -145.07112121582031 -99.195503234863281 -56.090808868408203 -17.668766021728516 10.010593414306641 23.099994659423828 26.102401733398437 22.770143508911133 11.574763298034668 -1.1652498245239258 -9.7133150100708008 -14.907089233398438 -22.07301139831543 -28.199735641479492 -24.082996368408203 -28.53980827331543 -31.049125671386719 -14.838704109191895 12.569493293762207
-94.633453369140625 -108.67738342285156 -104.87257385253906 -117.94965362548828 -96.408096313476562 -113.410400390625 -147.42167663574219 -156.822021484375 -166.38088989257812 -156.15768432617187 -127.0560302734375 -93.558341979980469 -100.99901580810547 -123.86038208007812 -141.672119140625 -150.15357971191406 -159.27586364746094 -175.24320983886719 -202.14956665039062 -231.49073791503906 -259.541748046875 -279.62911987304687 -294.08636474609375 -293.9527587890625 -283.41464233398438 -276.51788330078125 -242.35662841796875 -221.72590637207031 -204.57749938964844 -193.66081237792969 -189.99296569824219 -176.37353515625 -170.55271911621094 -155.07598876953125 -128.50596618652344 -96.181221008300781 -66.652740478515625 -43.035335540771484 -22.424823760986328 -11.001106262207031 -8.1210718154907227 -3.7342491149902344 -7.7947955131530762 -22.982933044433594 -27.856489181518555 -38.059879302978516 -48.359935760498047 -56.526523590087891 -60.754318237304687 -62.771236419677734 -59.481143951416016 -50.154571533203125 -26.246496200561523 7.7708048820495605
-97.463035583496094 -103.93341064453125 -106.67073059082031 -114.16970825195312 -101.41747283935547 -124.71590423583984 -151.59646606445312 -174.33152770996094 -182.45816040039062 -174.04879760742187 -114.11798095703125 -57.112377166748047 -50.004859924316406 -70.252517700195312 -82.174766540527344 -89.259819030761719 -106.07780456542969 -132.58070373535156 -171.6627197265625 -214.59048461914062 -252.82630920410156 -277.859619140625 -290.49032592773437 -293.30621337890625 -281.3983154296875 -275.94293212890625 -248.48164367675781 -214.00372314453125 -192.37307739257812 -173.15768432617187 -158.4986572265625 -140.1573486328125 -126.68112945556641 -110.27598571777344 -92.796165466308594 -74.9488525390625 -59.910224914550781 -51.294044494628906 -41.048328399658203 -35.036563873291016 -40.161891937255859 -37.311634063720703 -38.608921051025391 -53.442962646484375 -63.022598266601563 -71.367149353027344 -86.448478698730469 -93.636032104492188 -97.043525695800781 -98.54498291015625 -91.032196044921875 -73.624069213867187 -42.293590545654297 -2.7991907596588135
-77.714805603027344 -83.669990539550781 -95.12567138671875 -100.53690338134766 -101.22046661376953 -105.75113677978516 -127.93020629882813 -145.39801025390625 -176.51797485351562 -179.89512634277344 -135.16026306152344 -81.555816650390625 -35.206192016601563 -31.283390045166016 -33.623985290527344 -46.048450469970703 -73.473762512207031 -107.78391265869141 -147.17573547363281 -191.31417846679687 -225.39968872070312 -246.34968566894531 -259.20980834960937 -273.86770629882812 -272.38043212890625 -268.19015502929687 -243.32925415039062 -211.02033996582031 -188.06394958496094 -165.52085876464844 -145.74473571777344 -126.54896545410156 -110.46650695800781 -92.377265930175781 -80.524116516113281 -69.18157958984375 -61.894996643066406 -61.017829895019531 -58.648849487304688 -55.208450317382813 -61.468109130859375 -67.532859802246094 -68.36273193359375 -79.3497314453125 -97.968421936035156 -106.90099334716797 -121.94222259521484 -131.60894775390625 -135.93392944335937 -135.34735107421875 -125.03622436523437 -102.06646728515625 -64.506607055664063 -24.204616546630859
-30.586700439453125 -33.898681640625 -42.492938995361328 -45.421604156494141 -83.735496520996094 -93.242805480957031 -103.73310852050781 -112.10301971435547 -140.99299621582031 -159.13906860351562 -136.81443786621094 -90.426910400390625 -33.041530609130859 -9.6376371383666992 -4.0424633026123047 -16.358070373535156 -45.353130340576172 -81.054458618164063 -118.99069213867187 -155.43171691894531 -178.41697692871094 -191.82888793945313 -205.79974365234375 -227.43894958496094 -238.92987060546875 -238.0133056640625 -224.31355285644531 -205.675048828125 -185.11761474609375 -164.000732421875 -144.08154296875 -121.99074554443359 -106.15496063232422 -86.6632080078125 -77.862503051757813 -71.336296081542969 -68.81561279296875 -70.892745971679688 -73.614822387695312 -74.8170166015625 -79.190261840820312 -89.538246154785156 -95.439018249511719 -105.70785522460937 -124.06679534912109 -136.87857055664062 -150.56944274902344 -160.99270629882812 -165.90510559082031 -164.10403442382812 -151.45137023925781 -124.55272674560547 -84.363746643066406 -49.057121276855469
-9999 -9999 -9999 -9999 -34.612876892089844 -44.045848846435547 -48.363166809082031 -51.157783508300781 -57.5755615234375 -100.82508850097656 -94.134811401367188 -59.466201782226563 -25.692111968994141 -7.239715576171875 8.2513313293457031 -1.158336877822876 -18.202333450317383 -45.535865783691406 -77.559654235839844 -107.79207611083984 -128.69668579101562 -144.99777221679687 -160.98623657226562 -178.798828125 -194.34202575683594 -201.87008666992187 -205.50923156738281 -200.76515197753906 -182.62315368652344 -163.3990478515625 -144.25686645507812 -122.20205688476562 -105.67089080810547 -89.467262268066406 -82.807350158691406 -80.417930603027344 -81.751632690429688 -84.540550231933594 -88.469688415527344 -93.68817138671875 -99.150100708007812 -108.60608673095703 -118.96605682373047 -131.18193054199219 -145.91258239746094 -160.28253173828125 -173.51606750488281 -183.43769836425781 -188.59622192382812 -185.69248962402344 -171.35816955566406 -141.87843322753906 -102.46664428710937 -76.094940185546875
-9999 -9999 -9999 -9999 -9999 -9999 -9999 -9999 -9999 -29.91114616394043 -33.677764892578125 -23.577844619750977 -12.116452217102051 -5.9007234573364258 8.4124736785888672 1.7372893095016479 0.87064272165298462 -11.244215965270996 -25.779598236083984 -41.693450927734375 -57.285167694091797 -83.103164672851563 -112.85647583007812 -141.90303039550781 -163.1656494140625 -180.44363403320312 -193.77153015136719 -184.677734375 -172.66575622558594 -157.70993041992187 -140.782470703125 -121.99494171142578 -105.63008880615234 -94.8905029296875 -91.200202941894531 -92.025619506835938 -95.440773010253906 -98.884025573730469 -103.59133148193359 -110.31295013427734 -118.39067840576172 -127.78955841064453 -139.45451354980469 -152.86119079589844 -166.38847351074219 -180.24765014648437 -192.84944152832031 -202.82398986816406 -208.03092956542969 -204.85574340820312 -189.79542541503906 -159.05418395996094 -124.18611145019531 -106.53542327880859
-9999 -9999 -9999 -9999 -9999 -9999 -9999 -9999 -9999 -9999 -9999 -9999 -9999 -9999 2.4851188659667969 0.37066581845283508 3.5333187580108643 1.5712610483169556 0.68912959098815918 -1.1776258945465088 -5.236363410949707 -20.606138229370117 -41.325492858886719 -61.986175537109375 -75.441490173339844 -86.645034790039062 -94.742080688476563 -123.52957916259766 -132.07403564453125 -138.16871643066406 -127.76690673828125 -111.80805969238281 -97.386741638183594 -90.573127746582031 -90.958534240722656 -95.41534423828125 -101.21141052246094 -107.06456756591797 -114.19465637207031 -122.76340484619141 -132.53219604492187 -142.78237915039062 -154.40232849121094 -167.96263122558594 -181.85440063476562 -195.51213073730469 -208.24484252929687 -218.8336181640625 -224.48622131347656 -222.24951171875 -207.6673583984375 -178.42579650878906 -150.51844787597656 -137.55307006835937
-9999 -9999 -9999 -9999 -9999 -9999 -9999 -9999 -9999 -9999 -9999 -9999 -9999 -9999 -9999 -9999 -9999 -9999 -9999 -9999 -9999 -9999 -9999 -9999 -9999 -9999 -9999 -59.674659729003906 -94.587150573730469 -112.73246002197266 -87.110748291015625 -70.709465026855469 -57.967475891113281 -64.627960205078125 -73.483985900878906 -84.420051574707031 -95.368270874023438 -107.04906463623047 -118.62023162841797 -130.94015502929687 -141.45100402832031 -152.36715698242187 -163.50297546386719 -177.0303955078125 -191.41908264160156 -205.59120178222656 -219.30026245117187 -231.04718017578125 -237.82337951660156 -237.49540710449219 -224.63299560546875 -199.28483581542969 -177.57765197753906 -166.37469482421875
-9999 -9999 -9999 -9999 -9999 -9999 -9999 -9999 -9999 -9999 -9999 -9999 -9999 -9999 -9999 -9999 -9999 -9999 -9999 -9999 -9999 -9999 -9999 -9999 -9999 -9999 -9999 -21.399532318115234 -44.751655578613281 -58.565494537353516 -22.864109039306641 -9.5024785995483398 -4.8231277465820312 -26.375036239624023 -44.326007843017578 -61.007648468017578 -77.605804443359375 -95.458747863769531 -113.18199920654297 -129.40081787109375 -142.03494262695312 -153.92828369140625 -165.97457885742187 -180.38142395019531 -195.77162170410156 -211.384765625 -226.86541748046875 -240.32380676269531 -249.18400573730469 -251.21659851074219 -240.37953186035156 -219.0765380859375 -201.35847473144531 -191.38520812988281
-9999 -9999 -9999 -9999 -9999 -9999 -9999 -9999 -9999 -9999 -9999 -9999 -9999 -9999 -9999 -9999 -9999 -9999 -9999 -9999 -9999 -9999 -9999 -9999 -9999 -9999 -9999 -9999 -9999 -4.5286698341369629 17.165939331054688 25.504312515258789 21.044614791870117 -1.9284079074859619 -21.831567764282227 -38.964466094970703 -57.244522094726563 -76.506439208984375 -97.050804138183594 -115.64357757568359 -131.65249633789063 -146.26885986328125 -161.22087097167969 -177.44099426269531 -194.52731323242187 -212.52012634277344 -230.92024230957031 -247.26934814453125 -259.32333374023437 -263.59613037109375 -253.92088317871094 -235.80690002441406 -221.10324096679687 -212.01289367675781
-9999 -9999 -9999 -9999 -9999 -9999 -9999 -9999 -9999 -9999 -9999 -9999 -9999 -9999 -9999 -9999 -9999 -9999 -9999 -9999 -9999 -9999 -9999 -9999 -9999 -9999 -9999 -9999 -9999 4.2249588966369629 19.596797943115234 25.921852111816406 25.322526931762695 2.1576962471008301 -14.40487003326416 -31.045324325561523 -45.628421783447266 -63.104816436767578 -79.918144226074219 -99.777969360351563 -117.41762542724609 -136.14115905761719 -153.07354736328125 -170.94650268554687 -188.56675720214844 -208.50213623046875 -230.22543334960937 -250.82412719726562 -267.27471923828125 -273.59963989257812 -264.82223510742187 -249.79823303222656 -238.19876098632812 -229.03448486328125
-9999 -9999 -9999 -9999 -9999 -9999 -9999 -9999 -9999 -9999 -9999 -9999 -9999 -9999 -9999 -9999 -9999 -9999 -9999 -9999 -9999 -9999 -9999 -9999 -9999 -9999 -9999 -9999 -9999 -0.30579754710197449 8.6908464431762695 13.595539093017578 16.323211669921875 0.47855263948440552 -16.646425247192383 -32.069789886474609 -44.158447265625 -57.157516479492188 -70.870201110839844 -88.645713806152344 -107.40103149414062 -127.70341491699219 -145.33009338378906 -162.79173278808594 -180.20335388183594 -200.05122375488281 -223.99359130859375 -248.88566589355469 -270.44921875 -279.72808837890625 -273.69302368164062 -262.4163818359375 -253.06632995605469 -242.57525634765625
-9999 -9999 -9999 -9999 -9999 -9999 -9999 -9999 -9999 -9999 -9999 -9999 -0.6954839825630188 -9999 -9999 -9999 -9999 -9999 -9999 -9999 -9999 -9999 -9999 -9999 -9999 -9999 -9999 -9999 -9999 -1.3483943939208984 -3.5187735557556152 6.8947134017944336 -3.6259887218475342 -3.16798996925354 -21.560230255126953 -35.0806884765625 -47.038780212402344 -56.913997650146484 -69.002532958984375 -83.908271789550781 -102.65338134765625 -121.76157379150391 -139.80366516113281 -155.15188598632812 -171.82389831542969 -190.48121643066406 -213.94061279296875 -241.28153991699219 -267.17630004882812 -281.63079833984375 -281.35589599609375 -274.02468872070313 -265.12832641601562 -252.75013732910156
-9999 -9999 -9999 -9999 -9999 -9999 -9999 -9999 -9999 -9999 -9999 -0.69136667251586914 -0.83624088764190674 -0.49877014756202698 -9999 -9999 -9999 -9999 -9999 -9999 -9999 -9999 -9999 -9999 -9999 -9999 -9999 -9999 -9999 -9999 -3.0147674083709717 12.540716171264648 -11.63807487487793 -11.02518367767334 -24.385074615478516 -36.931640625 -48.299892425537109 -58.502239227294922 -69.110023498535156 -82.36767578125 -99.511016845703125 -117.50576019287109 -135.17001342773437 -150.06901550292969 -165.18878173828125 -182.80531311035156 -204.22654724121094 -231.61402893066406 -259.49319458007813 -280.44232177734375 -288.22988891601562 -284.61248779296875 -275.05328369140625 -260.69454956054687
-9999 -9999 -9999 -9999 -9999 -9999 -9999 -9999 -9999 -9999 -9999 -1.0022228956222534 -0.80192023515701294 -0.49877014756202698 -9999 -9999 -9999 -9999 -9999 -9999 -9999 -9999 -9999 -9999 -9999 -9999 -9999 -9999 -9999 -9999 11.473051071166992 25.839485168457031 4.9482245445251465 -7.1394972801208496 -19.914209365844727 -33.594642639160156 -46.761360168457031 -57.855693817138672 -69.068229675292969 -80.799263000488281 -95.91339111328125 -113.2830810546875 -130.56059265136719 -146.12615966796875 -161.33224487304687 -177.57931518554687 -197.40020751953125 -223.62220764160156 -251.33799743652344 -277.01727294921875 -293.53729248046875 -294.50479125976562 -284.6256103515625 -268.27587890625
-9999 -9999 -9999 -9999 -9999 -9999 -9999 -9999 -9999 -9999 -0.61591994762420654 -1.1728532314300537 -0.93387395143508911 -9999 -9999 -9999 -9999 -9999 -9999 -9999 -9999 -9999 -9999 -9999 -9999 -9999 -9999 -9999 -9999 -9999 24.246652603149414 36.593582153320312 25.184820175170898 14.116814613342285 -2.476269006729126 -21.840106964111328 -39.461067199707031 -54.726112365722656 -66.770263671875 -79.354362487792969 -92.332298278808594 -109.03285980224609 -126.60616302490234 -142.88044738769531 -158.92314147949219 -174.91389465332031 -193.15316772460937 -217.70256042480469 -244.67243957519531 -271.45059204101562 -294.62966918945312 -302.54617309570312 -294.80096435546875 -277.82177734375
-9999 -9999 -9999 -9999 -9999 -9999 -9999 -0.096307516098022461 -0.099890328943729401 -0.41020867228507996 -0.91654419898986816 -1.4114049673080444 -1.5686391592025757 -9999 -9999 -9999 -9999 -9999 -9999 -9999 -9999 -9999 -9999 -9999 -9999 -9999 -9999 -9999 -9999 11.367733001708984 28.679496765136719 36.891220092773438 27.978328704833984 27.138391494750977 13.83977222442627 -7.4004735946655273 -28.611288070678711 -47.410697937011719 -62.623794555664062 -76.062751770019531 -89.581901550292969 -105.21155548095703 -123.22629547119141 -140.698974609375 -156.9073486328125 -173.31440734863281 -190.32514953613281 -212.49658203125 -238.35566711425781 -264.2298583984375 -289.1220703125 -304.2943115234375 -302.94097900390625 -289.02279663085937
-9999 -9999 -9999 -9999 -9999 -9999 -9999 -0.18624702095985413 -0.28056946396827698 -0.8452191948890686 -1.3090941905975342 -1.8344935178756714 -2.1524686813354492 -9999 -9999 -9999 -9999 -9999 -9999 -9999 -9999 -9999 -9999 -9999 -9999 -9999 -9999 -9999 9.0727720260620117 18.612014770507813 23.678037643432617 28.017265319824219 21.504938125610352 18.856781005859375 16.66796875 -0.18331615626811981 -19.904169082641602 -39.372364044189453 -57.123538970947266 -71.971328735351562 -86.691146850585938 -102.32939910888672 -120.09757995605469 -138.42158508300781 -155.07916259765625 -171.11555480957031 -187.49284362792969 -207.14668273925781 -230.85255432128906 -255.44401550292969 -278.4925537109375 -296.75094604492188 -303.46075439453125 -296.93499755859375
