docs/data/Cantabria_V.asc
ncols        561
nrows        106
xllcorner    -4.318994045258
yllcorner    43.292198181152
cellsize     0.002525329590
NODATA_value  -9999
[rows 0 to 23 of 106, columns 270 to 323 of 561]
-9999 -9999 -9999 -9999 -9999 -9999 -9999 -9999 -9999 -9999 -9999 -9999 -9999 -9999 -9999 -9999 -9999 -9999 -9999 -9999 -9999 -9999 -9999 -9999 -9999 -9999 -9999 -9999 -9999 -9999 -9999 -9999 -9999 -9999 -9999 -9999 -9999 -9999 -9999 -9999 -9999 -9999 -9999 -9999 -9999 -9999 -9999 -9999 -9999 -9999 -9999 -9999 -9999 -9999
-275.45443725585937 -266.5137939453125 -249.10652160644531 -212.15570068359375 -129.72775268554687 -110.43585968017578 -124.37014770507812 -205.84812927246094 -233.48776245117187 -251.57154846191406 -225.43406677246094 -232.3519287109375 -243.56951904296875 -272.8646240234375 -279.4132080078125 -294.89712524414062 -318.63119506835937 -338.72030639648437 -370.35577392578125 -403.57574462890625 -404.72488403320312 -423.47653198242187 -492.13690185546875 -485.88641357421875 -459.48367309570312 -425.25277709960937 -373.05490112304687 -339.65597534179687 -301.69967651367187 -265.95687866210938 -231.99850463867187 -192.38356018066406 -149.7911376953125 -107.10836029052734 -45.97039794921875 24.206947326660156 92.7957763671875 209.40666198730469 151.83856201171875 190.50946044921875 203.764892578125 213.13136291503906 209.18156433105469 186.41407775878906 159.44589233398438 124.67169952392578 113.48832702636719 81.751785278320313 52.152256011962891 21.14570426940918 11.713777542114258 -11.647246360778809 -8.1957626342773437 18.840288162231445
-273.4041748046875 -257.64013671875 -234.82466125488281 -198.1439208984375 -139.3011474609375 -111.68183898925781 -115.35318756103516 -169.278076171875 -215.72915649414062 -237.21778869628906 -213.34701538085937 -242.14225769042969 -262.10037231445312 -284.47537231445312 -295.65701293945312 -309.26669311523437 -330.58590698242187 -347.39804077148437 -373.59451293945312 -397.1920166015625 -398.29840087890625 -415.34426879882812 -464.90103149414062 -458.1590576171875 -426.63772583007812 -374.14309692382812 -332.698486328125 -302.1201171875 -273.22140502929687 -238.62376403808594 -199.51994323730469 -152.20707702636719 -94.318382263183594 -25.218984603881836 56.772083282470703 135.05433654785156 186.81857299804687 199.88787841796875 165.14750671386719 149.10496520996094 151.14418029785156 152.89506530761719 148.77079772949219 134.22244262695312 111.4598388671875 85.848457336425781 62.601024627685547 35.574787139892578 14.837076187133789 -0.82457345724105835 -11.136574745178223 -20.710485458374023 -17.795434951782227 -4.104621410369873
-271.65557861328125 -259.04656982421875 -237.18011474609375 -203.44639587402344 -154.76921081542969 -125.35348510742187 -123.44245147705078 -156.783935546875 -204.07904052734375 -228.91273498535156 -210.89591979980469 -243.5408935546875 -263.98968505859375 -288.72720336914062 -303.0028076171875 -317.8643798828125 -337.29339599609375 -352.13589477539062 -372.29043579101563 -389.5828857421875 -389.40777587890625 -400.38412475585937 -426.41802978515625 -403.94146728515625 -370.0963134765625 -316.64553833007812 -273.971923828125 -237.60993957519531 -203.80293273925781 -162.20372009277344 -112.83544158935547 -51.351940155029297 21.205282211303711 96.471298217773438 161.64320373535156 195.94081115722656 182.22267150878906 131.03326416015625 82.292724609375 67.688995361328125 70.72064208984375 77.544937133789063 88.072235107421875 94.038993835449219 89.872947692871094 75.152458190917969 52.81494140625 27.829233169555664 5.5064940452575684 -12.02821159362793 -23.900714874267578 -29.726234436035156 -27.163890838623047 -18.077373504638672
-270.47607421875 -263.17892456054687 -247.22721862792969 -219.90220642089844 -177.55570983886719 -142.92059326171875 -134.35545349121094 -148.74078369140625 -191.3544921875 -216.28370666503906 -204.87747192382812 -231.29228210449219 -254.76832580566406 -283.39739990234375 -304.31463623046875 -323.98690795898438 -341.86849975585937 -354.772216796875 -366.8873291015625 -374.89263916015625 -372.27511596679688 -373.32940673828125 -372.47341918945312 -339.36532592773437 -299.18035888671875 -247.52281188964844 -196.64520263671875 -146.28776550292969 -97.287567138671875 -46.459548950195313 5.824592113494873 61.817333221435547 114.11053466796875 150.65403747558594 158.32203674316406 129.201904296875 70.971733093261719 10.317478179931641 -18.956684112548828 -13.846529960632324 1.3280054330825806 13.057518005371094 28.432659149169922 43.138622283935547 52.341888427734375 52.408054351806641 41.842639923095703 22.83228874206543 0.6806977391242981 -18.829195022583008 -31.678400039672852 -36.490570068359375 -34.368389129638672 -28.938104629516602
-263.41671752929687 -264.08615112304688 -255.60411071777344 -235.31513977050781 -194.73284912109375 -155.76905822753906 -137.36247253417969 -134.58937072753906 -159.15582275390625 -176.27153015136719 -167.10163879394531 -179.54109191894531 -204.3953857421875 -236.26432800292969 -265.97540283203125 -291.3699951171875 -309.07980346679687 -317.8212890625 -319.32687377929687 -314.22454833984375 -301.85302734375 -288.30398559570312 -269.52471923828125 -233.94773864746094 -189.91128540039062 -140.64802551269531 -91.100418090820312 -44.159656524658203 -3.3247330188751221 31.183732986450195 63.106891632080078 81.784919738769531 77.568138122558594 61.725250244140625 30.279033660888672 -17.53520393371582 -69.158287048339844 -101.76808166503906 -100.49851989746094 -77.167655944824219 -61.146644592285156 -54.658203125 -43.612205505371094 -26.381433486938477 -8.0506191253662109 6.050839900970459 11.811945915222168 7.1657915115356445 -6.4221758842468262 -23.854484558105469 -38.607460021972656 -46.377693176269531 -47.33038330078125 -45.156055450439453
-241.77253723144531 -253.72251892089844 -254.62525939941406 -240.156494140625 -201.42936706542969 -158.76423645019531 -127.05825805664063 -105.31430053710937 -101.43831634521484 -102.24443817138672 -89.890083312988281 -86.687591552734375 -97.872207641601563 -120.68582916259766 -148.99940490722656 -177.22486877441406 -196.24263000488281 -203.09657287597656 -198.65046691894531 -185.44781494140625 -168.5447998046875 -152.15158081054687 -134.54768371582031 -111.87743377685547 -87.027107238769531 -67.492866516113281 -50.7039794921875 -37.867149353027344 -30.996608734130859 -19.561576843261719 32.591117858886719 -15.145387649536133 -63.476322174072266 -95.071533203125 -121.77306365966797 -149.75028991699219 -171.47409057617187 -171.83934020996094 -154.67845153808594 -137.13931274414062 -131.66435241699219 -125.38766479492187 -113.81169128417969 -96.180313110351563 -75.846603393554687 -56.122093200683594 -40.5234375 -32.499126434326172 -34.060016632080078 -43.921028137207031 -56.901493072509766 -67.033721923828125 -71.420654296875 -71.627120971679688
-210.87440490722656 -230.92991638183594 -239.9599609375 -229.44403076171875 -194.32856750488281 -151.40286254882813 -121.03884887695312 -112.51927185058594 -118.2698974609375 -133.696533203125 -137.39183044433594 -130.46891784667969 -118.62075042724609 -105.90983581542969 -80.422370910644531 -88.876472473144531 -97.686653137207031 -101.93037414550781 -100.91825103759766 -98.517875671386719 -94.852394104003906 -109.52748870849609 -117.49398803710937 -118.98214721679687 -118.49327850341797 -123.56444549560547 -130.06886291503906 -138.33723449707031 -146.36920166015625 -130.42686462402344 -7.5661787986755371 -101.60163116455078 -164.68202209472656 -190.60749816894531 -202.96943664550781 -211.06427001953125 -208.8759765625 -195.51579284667969 -183.071533203125 -178.448974609375 -173.05322265625 -164.12004089355469 -155.46302795410156 -145.02381896972656 -131.51826477050781 -115.86592102050781 -100.31242370605469 -87.461196899414063 -80.33642578125 -80.776168823242188 -86.9774169921875 -94.696014404296875 -100.06935882568359 -102.06779479980469
-185.57443237304688 -201.73448181152344 -211.40472412109375 -201.55267333984375 -169.2265625 -144.19746398925781 -141.30778503417969 -166.53759765625 -192.17958068847656 -222.53872680664062 -242.5164794921875 -246.8907470703125 -233.10368347167969 -202.87261962890625 -109.42153167724609 -113.05804443359375 -118.32292938232422 -115.48360443115234 -110.07501983642578 -107.02940368652344 -96.916313171386719 -139.28363037109375 -163.81997680664062 -171.74322509765625 -170.19491577148437 -166.68855285644531 -161.92562866210937 -163.91191101074219 -164.90469360351562 -150.64012145996094 -55.537418365478516 -108.92015838623047 -157.58523559570312 -185.92230224609375 -200.06539916992187 -204.72135925292969 -200.73063659667969 -193.71627807617188 -188.42176818847656 -183.54946899414062 -175.75363159179687 -170.37480163574219 -168.116943359375 -165.32351684570312 -159.59068298339844 -150.99252319335938 -140.65867614746094 -130.06256103515625 -122.14060974121094 -118.96807861328125 -119.84815979003906 -123.81960296630859 -129.01728820800781 -133.19136047363281
-185.07424926757812 -189.29692077636719 -188.38746643066406 -181.28779602050781 -158.03181457519531 -154.31564331054687 -148.11793518066406 -171.02168273925781 -193.16322326660156 -209.68984985351562 -210.22584533691406 -198.39273071289062 -181.27519226074219 -162.38796997070312 -118.55887603759766 -157.196533203125 -176.44325256347656 -168.95668029785156 -147.48538208007812 -119.11856079101562 -85.148002624511719 -96.159416198730469 -98.100204467773438 -91.52642822265625 -77.729774475097656 -71.450942993164062 39.878009796142578 -38.740795135498047 -64.189399719238281 -84.115989685058594 -74.926628112792969 -93.177154541015625 -135.84208679199219 -167.63972473144531 -188.17207336425781 -196.26463317871094 -195.99270629882812 -192.60911560058594 -186.08773803710937 -177.35791015625 -171.73808288574219 -168.83595275878906 -165.31411743164062 -159.821533203125 -153.82276916503906 -147.85636901855469 -142.3232421875 -137.72637939453125 -137.39030456542969 -140.79136657714844 -143.70341491699219 -150.69200134277344 -161.30455017089844 -171.04080200195312
-221.46585083007812 -217.92689514160156 -196.47483825683594 -190.11932373046875 -170.11236572265625 -156.66630554199219 -142.10255432128906 -146.64640808105469 -166.09169006347656 -177.3121337890625 -155.98141479492187 -113.66527557373047 -78.992843627929688 -61.394222259521484 -58.682460784912109 -93.538040161132813 -98.20208740234375 -72.917892456054687 -29.459278106689453 14.205463409423828 52.671611785888672 77.384803771972656 99.767776489257813 106.86681365966797 125.83417510986328 125.97406005859375 256.21539306640625 147.03657531738281 110.24758911132812 58.064170837402344 20.366228103637695 -40.403129577636719 -194.09939575195312 -184.42240905761719 -196.64692687988281 -201.31919860839844 -195.87467956542969 -189.80326843261719 -178.64326477050781 -128.20199584960937 -145.03070068359375 -152.28684997558594 -122.23105621337891 -82.947914123535156 -65.627769470214844 -58.088142395019531 -58.314910888671875 -57.001861572265625 -70.193954467773438 -95.945945739746094 -94.770477294921875 -134.41688537597656 -179.9820556640625 -214.112060546875
-248.21998596191406 -240.55564880371094 -213.92921447753906 -195.82327270507812 -171.59373474121094 -154.95126342773437 -148.35549926757812 -111.54679107666016 -143.00418090820313 -167.48333740234375 -162.06732177734375 -134.30738830566406 -107.450439453125 -88.482841491699219 -52.455043792724609 -39.520092010498047 5.2970285415649414 56.331737518310547 113.51486206054687 160.91899108886719 201.00019836425781 232.71139526367188 256.13632202148437 252.0364990234375 266.80398559570312 267.24288940429688 292.04556274414062 256.51492309570312 224.10269165039062 174.56680297851562 90.686088562011719 13.191645622253418 -252.2215576171875 -167.4212646484375 -160.24435424804687 -158.97575378417969 -148.30905151367187 -133.81187438964844 -106.08663940429687 -14.705304145812988 -35.115482330322266 -46.688453674316406 2.2844634056091309 60.613147735595703 86.706741333007812 95.570556640625 93.186782836914062 98.538688659667969 84.768417358398438 52.126106262207031 57.205196380615234 -3.7473180294036865 -81.546470642089844 -156.77532958984375
-242.81829833984375 -219.70555114746094 -200.27508544921875 -181.0323486328125 -169.08656311035156 -163.58908081054687 -136.73365783691406 -70.15283203125 -114.58720397949219 -154.0582275390625 -181.28547668457031 -192.20346069335937 -188.37998962402344 -169.72332763671875 -122.80964660644531 -79.835273742675781 -13.560009002685547 44.800067901611328 100.20886993408203 147.37838745117187 191.86357116699219 236.338623046875 257.59329223632812 260.18136596679687 276.36346435546875 275.64447021484375 272.442138671875 256.20437622070312 215.93858337402344 177.51811218261719 89.107696533203125 33.697185516357422 -136.10873413085937 -82.591644287109375 -73.917274475097656 -68.233665466308594 -54.676219940185547 -30.812458038330078 25.402198791503906 80.821853637695313 85.754165649414063 91.152496337890625 134.3380126953125 159.53848266601562 185.6666259765625 189.25309753417969 184.52122497558594 201.69099426269531 197.09965515136719 183.98553466796875 190.28486633300781 147.0653076171875 104.50637054443359 19.825403213500977
-212.44314575195312 -183.55755615234375 -172.04603576660156 -171.10444641113281 -175.10911560058594 -165.9571533203125 -114.70661926269531 -72.139190673828125 -104.34156036376953 -138.1785888671875 -174.36125183105469 -203.66134643554687 -214.04371643066406 -197.95834350585937 -148.07093811035156 -101.83013153076172 -49.255550384521484 2.0192036628723145 56.018157958984375 102.14738464355469 147.63235473632812 202.16473388671875 224.86663818359375 236.42340087890625 253.58403015136719 249.917724609375 241.67581176757812 221.19760131835937 184.58177185058594 149.40548706054687 91.551856994628906 53.249866485595703 8.9621305465698242 -3.1814901828765869 -3.1193420886993408 5.1321320533752441 20.889930725097656 58.128299713134766 109.84511566162109 127.12899780273437 140.13298034667969 155.84754943847656 192.26234436035156 192.50469970703125 216.02241516113281 219.08245849609375 208.15162658691406 227.96736145019531 224.57167053222656 222.12774658203125 231.54081726074219 204.242431640625 201.02206420898437 144.20562744140625
-143.47317504882812 -132.00260925292969 -155.1890869140625 -171.32926940917969 -171.05198669433594 -151.29533386230469 -98.961456298828125 -80.052268981933594 -82.722480773925781 -112.83671569824219 -146.41612243652344 -175.05717468261719 -189.94696044921875 -178.55148315429687 -137.43386840820313 -100.98060607910156 -63.089977264404297 -21.761564254760742 25.652566909790039 72.323013305664063 111.26618194580078 160.1263427734375 190.10763549804687 203.94337463378906 217.70346069335937 215.59754943847656 207.00010681152344 188.06661987304687 157.28318786621094 126.2869873046875 91.022979736328125 67.584716796875 46.210533142089844 34.157215118408203 33.381443023681641 42.353115081787109 55.5255126953125 100.78968811035156 120.250244140625 136.48200988769531 147.62973022460937 159.91300964355469 180.88758850097656 182.77999877929687 201.8641357421875 220.45523071289062 206.72653198242187 213.93344116210937 208.7264404296875 207.44900512695312 215.76007080078125 193.5081787109375 184.01187133789062 153.48751831054687
-105.13044738769531 -121.46096038818359 -156.69950866699219 -164.74916076660156 -147.64524841308594 -117.82689666748047 -84.014320373535156 -75.998268127441406 -55.126495361328125 -76.001708984375 -110.14487457275391 -128.1669921875 -149.87977600097656 -142.94425964355469 -121.37538909912109 -97.873992919921875 -74.859710693359375 -43.100246429443359 -9.8282318115234375 32.894630432128906 66.529838562011719 100.36681365966797 136.32466125488281 151.51045227050781 168.83212280273437 170.78974914550781 167.53871154785156 154.09480285644531 133.30841064453125 109.14842224121094 88.399009704589844 70.811470031738281 58.622932434082031 49.011817932128906 49.524131774902344 60.442436218261719 65.705780029296875 96.700508117675781 103.29975128173828 116.21501159667969 123.13849639892578 133.47523498535156 143.27943420410156 145.64053344726562 160.61135864257812 184.85658264160156 170.86380004882812 167.89030456542969 163.53564453125 161.32302856445312 168.45767211914062 151.17727661132812 128.52424621582031 106.24599456787109
-128.95115661621094 -159.34988403320312 -167.916748046875 -149.78315734863281 -121.27278900146484 -92.911628723144531 -70.744720458984375 -70.741081237792969 -52.347183227539063 -55.364280700683594 -79.614006042480469 -86.512275695800781 -108.89076232910156 -108.83522033691406 -108.81929016113281 -99.835769653320313 -89.786285400390625 -70.3731689453125 -48.168144226074219 -17.128078460693359 17.677898406982422 40.742176055908203 74.871612548828125 84.211753845214844 103.54087829589844 106.42139434814453 111.00282287597656 104.86613464355469 95.8004150390625 81.593917846679688 70.3671875 56.900291442871094 54.828742980957031 48.784866333007813 51.924064636230469 60.968635559082031 57.427009582519531 69.087890625 77.273841857910156 81.639801025390625 89.769874572753906 95.507606506347656 104.51200866699219 108.64533996582031 112.58966827392578 124.11760711669922 118.46938323974609 111.95113372802734 109.36603546142578 108.13150024414062 107.72892761230469 100.05165863037109 71.970291137695312 48.785026550292969
-159.1285400390625 -176.75224304199219 -169.45115661621094 -137.40875244140625 -108.76036071777344 -90.808181762695313 -69.036537170410156 -70.151145935058594 -59.436244964599609 -58.489860534667969 -66.626579284667969 -68.449951171875 -76.495895385742188 -72.520454406738281 -77.711296081542969 -83.345222473144531 -83.997055053710938 -77.664413452148438 -64.935348510742187 -41.344505310058594 -16.474630355834961 13.660945892333984 22.238031387329102 21.347246170043945 31.191469192504883 32.390899658203125 39.348640441894531 38.825531005859375 39.204578399658203 33.520500183105469 31.097555160522461 24.732013702392578 27.41790771484375 29.517433166503906 37.219692230224609 41.735271453857422 36.293159484863281 39.132675170898438 39.915779113769531 37.152732849121094 44.559288024902344 46.293647766113281 52.49151611328125 63.955909729003906 56.511581420898438 62.00482177734375 65.926170349121094 63.643848419189453 62.802268981933594 60.318206787109375 52.729656219482422 40.049362182617188 16.495157241821289 7.8118343353271484
-171.06761169433594 -176.62185668945312 -164.84877014160156 -134.65489196777344 -111.92715454101562 -103.52558898925781 -81.407669067382812 -79.0743408203125 -70.530517578125 -69.066139221191406 -66.811958312988281 -63.100185394287109 -55.790004730224609 -43.290573120117187 -27.551042556762695 -33.47174072265625 -35.915004730224609 -35.57073974609375 -31.987800598144531 -19.901651382446289 -12.509311676025391 7.4230613708496094 -6.5269956588745117 -18.129472732543945 -18.564714431762695 -16.836357116699219 -14.924442291259766 -10.630839347839355 -9.177393913269043 -8.6330604553222656 -12.882969856262207 -7.586573600769043 -6.210759162902832 5.4087882041931152 14.870047569274902 18.572303771972656 18.08372688293457 18.555864334106445 9.0117998123168945 1.5513259172439575 0.58269500732421875 1.0903663635253906 3.6990818977355957 12.038188934326172 9.7353916168212891 18.435710906982422 27.040781021118164 28.669513702392578 27.468212127685547 17.256540298461914 2.9896395206451416 -16.521932601928711 -27.241706848144531 -19.880729675292969
-159.79328918457031 -162.90968322753906 -152.66757202148437 -134.54376220703125 -120.77188110351562 -115.79997253417969 -97.473793029785156 -91.511421203613281 -83.584465026855469 -77.9859619140625 -70.103858947753906 -56.250953674316406 -43.652473449707031 -27.996599197387695 -9999 -9999 -9999 -9999 -9999 -9999 -9999 -9999 -6.5934877395629883 -34.100692749023438 -35.173320770263672 -32.895336151123047 -33.673316955566406 -30.960010528564453 -28.48307991027832 -29.371301651000977 -37.012939453125 -25.207880020141602 -19.491395950317383 -15.462773323059082 -7.09649658203125 -16.033157348632812 -14.482614517211914 -11.568644523620605 -14.622270584106445 -18.527532577514648 -21.735357284545898 -24.532806396484375 -24.784845352172852 -23.929039001464844 -21.207090377807617 -14.185311317443848 -6.853574275970459 -7.9795770645141602 -13.193242073059082 -24.458196640014648 -40.521251678466797 -48.153602600097656 -44.715328216552734 -41.787544250488281
-127.92332458496094 -127.47521209716797 -128.83024597167969 -126.67325592041016 -123.26922607421875 -116.9942626953125 -102.72756195068359 -93.340545654296875 -86.211257934570313 -72.103385925292969 -61.661911010742188 -36.881698608398437 -19.766454696655273 -10.842014312744141 -9999 -9999 -9999 -9999 -9999 -9999 -9999 -9999 -9999 -18.763626098632813 -19.243886947631836 -18.265233993530273 -18.778392791748047 -19.094282150268555 -16.749780654907227 -18.514848709106445 -21.675636291503906 -15.416130065917969 -9.8647832870483398 -13.627009391784668 -9.3643741607666016 -20.36912727355957 -37.124973297119141 -40.918018341064453 -35.552452087402344 -32.514652252197266 -35.492259979248047 -39.937541961669922 -42.601272583007813 -43.714679718017578 -45.306705474853516 -44.435420989990234 -46.160537719726563 -45.270668029785156 -48.416973114013672 -52.585494995117188 -56.591907501220703 -53.064365386962891 -51.224521636962891 -54.665889739990234
-97.244514465332031 -92.584892272949219 -100.22989654541016 -107.67465209960937 -112.18974304199219 -106.65525817871094 -93.228736877441406 -70.423828125 -65.589920043945313 -53.034446716308594 -43.528438568115234 -11.658437728881836 -9999 -9999 -9999 -9999 -9999 -9999 -9999 -9999 -9999 -9999 -9999 -9999 -9999 -9999 -9999 -9999 -9999 -9999 -9999 -9999 -9999 -9999 -9999 -9999 -16.899503707885742 -27.941944122314453 -26.318874359130859 -18.707624435424805 -38.914810180664063 -49.966693878173828 -54.674938201904297 -57.969707489013672 -59.464469909667969 -62.255413055419922 -64.496238708496094 -60.075763702392578 -60.159355163574219 -59.849380493164062 -56.584114074707031 -56.429134368896484 -62.161346435546875 -65.730583190917969
-70.891571044921875 -68.827156066894531 -77.752403259277344 -86.455245971679688 -90.499015808105469 -84.766448974609375 -61.732715606689453 -30.098918914794922 -23.952020645141602 -21.699226379394531 -17.626676559448242 -9999 -9999 -9999 -9999 -9999 -9999 -9999 -9999 -9999 -9999 -9999 -9999 -9999 -9999 -9999 -9999 -9999 -9999 -9999 -9999 -9999 -9999 -9999 -9999 -9999 -9999 -3.5904169082641602 -8.246983528137207 -1.0747003555297852 -34.802299499511719 -46.771812438964844 -41.958545684814453 -52.993453979492188 -42.445350646972656 -52.236972808837891 -40.100841522216797 -43.459815979003906 -53.854457855224609 -58.454505920410156 -58.682884216308594 -60.7896728515625 -67.006111145019531 -74.042304992675781
-27.616815567016602 -27.884849548339844 -58.70947265625 -73.1231689453125 -66.441246032714844 -57.355976104736328 -27.974470138549805 -4.4614739418029785 -9999 -9999 -9999 -9999 -9999 -9999 -9999 -9999 -9999 -9999 -9999 -9999 -9999 -9999 -9999 -9999 -9999 -9999 -9999 -9999 -9999 -9999 -9999 -9999 -9999 -9999 -9999 -9999 -9999 -9999 -15.473913192749023 -15.193270683288574 -31.753084182739258 -35.372966766357422 -20.460597991943359 -31.299415588378906 -16.244808197021484 -26.813543319702148 -12.580967903137207 -18.07505989074707 -46.181358337402344 -57.686843872070313 -61.850028991699219 -26.495424270629883 -56.976787567138672 -72.296272277832031
