docs/data/Cantabria_U.asc
ncols        561
nrows        106
xllcorner    -4.318994045258
yllcorner    43.292198181152
cellsize     0.002525329590
NODATA_value  -9999
[rows 24 to 47 of 106, columns 324 to 377 of 561]
363.10003662109375 396.79998779296875 426.10797119140625 451.2059326171875 471.24142456054687 483.73397827148437 491.49154663085937 495.8494873046875 499.78256225585938 502.1910400390625 498.36563110351562 494.16696166992187 497.27163696289062 512.0924072265625 540.33514404296875 571.04412841796875 563.33074951171875 536.52838134765625 546.2813720703125 578.90386962890625 610.28521728515625 633.7117919921875 632.74835205078125 588.8048095703125 516.4053955078125 461.274658203125 439.16351318359375 431.40234375 428.43862915039062 428.56448364257812 428.2117919921875 418.7308349609375 400.05514526367187 383.41598510742187 344.11968994140625 295.66915893554687 270.52169799804687 254.29753112792969 244.66511535644531 245.61395263671875 259.41690063476562 283.07666015625 311.82296752929687 342.2191162109375 372.03988647460937 399.75283813476562 424.4481201171875 445.8861083984375 464.40658569335937 480.56222534179687 494.41033935546875 504.53463745117187 508.5604248046875 507.61944580078125
307.67367553710938 323.9903564453125 355.402587890625 391.057373046875 422.98696899414062 447.2330322265625 463.72323608398437 476.05157470703125 488.16146850585937 501.29931640625 512.59228515625 517.9605712890625 525.700927734375 540.72821044921875 564.97113037109375 603.01214599609375 634.51983642578125 624.01422119140625 597.362548828125 579.73968505859375 568.93182373046875 595.4180908203125 634.30303955078125 637.356201171875 604.79693603515625 539.80499267578125 471.89410400390625 431.92868041992187 414.41314697265625 408.46139526367188 403.25640869140625 386.31625366210937 340.95745849609375 292.25 260.81301879882813 234.82069396972656 217.39836120605469 209.36959838867187 209.67929077148437 217.36837768554687 231.64540100097656 251.53544616699219 275.63211059570312 302.16555786132812 329.17315673828125 354.98373413085937 378.5523681640625 399.18048095703125 416.31463623046875 429.581787109375 438.6578369140625 443.287109375 444.42813110351562 446.12161254882812
255.93934631347656 198.45347595214844 235.03569030761719 298.45574951171875 343.29696655273438 383.75027465820312 417.59561157226562 440.87319946289062 461.87820434570312 484.98532104492187 507.8211669921875 528.76470947265625 545.6728515625 563.39459228515625 587.0484619140625 611.3658447265625 631.3685302734375 641.90283203125 634.11962890625 610.044677734375 582.92529296875 579.6236572265625 607.78369140625 635.4364013671875 639.033203125 610.7578125 559.28466796875 512.78070068359375 464.00454711914062 419.85348510742187 399.65155029296875 364.98394775390625 315.5054931640625 279.00277709960937 252.59747314453125 235.67070007324219 225.27983093261719 220.09526062011719 220.563720703125 226.74134826660156 237.86656188964844 253.25411987304688 272.73001098632812 296.7342529296875 324.60345458984375 360.88494873046875 397.408935546875 425.51040649414063 447.46270751953125 463.6793212890625 460.92758178710937 440.01412963867187 414.76458740234375 391.31646728515625
288.31317138671875 273.16818237304687 223.39344787597656 179.10105895996094 215.96186828613281 286.150634765625 340.29086303710937 387.85586547851562 423.68374633789062 456.47189331054687 492.39224243164063 526.07562255859375 556.7452392578125 581.68243408203125 603.44598388671875 621.08941650390625 628.656982421875 629.5841064453125 622.927734375 608.44281005859375 595.602294921875 587.67706298828125 589.42840576171875 577.82171630859375 551.0919189453125 556.59405517578125 576.99078369140625 550.29644775390625 499.1153564453125 442.06906127929687 388.06100463867187 356.46026611328125 327.614990234375 302.32904052734375 284.31643676757812 274.48687744140625 269.99591064453125 268.30398559570312 268.7401123046875 270.5638427734375 273.417236328125 279.58721923828125 294.83746337890625 323.99688720703125 356.19046020507812 386.04598999023437 418.97900390625 450.89620971679687 477.2462158203125 496.20599365234375 508.242431640625 508.10739135742187 488.63729858398437 458.20465087890625
243.74671936035156 237.98696899414062 215.18165588378906 215.91400146484375 230.71717834472656 250.66360473632812 286.22882080078125 333.41546630859375 380.99954223632812 426.88168334960937 469.47604370117187 512.335205078125 553.55743408203125 585.8829345703125 609.40740966796875 621.4501953125 618.19140625 604.73651123046875 592.57476806640625 587.50787353515625 590.54180908203125 597.29901123046875 597.56005859375 577.7135009765625 550.05621337890625 506.91156005859375 463.696533203125 470.5494384765625 499.98202514648437 497.00790405273437 441.466796875 387.2200927734375 364.71929931640625 348.39938354492188 337.078125 331.48922729492187 330.92962646484375 334.18283081054687 339.670166015625 343.23468017578125 350.16006469726562 359.61154174804687 365.65420532226562 379.08279418945312 406.12066650390625 426.75164794921875 423.70791625976562 416.8043212890625 414.26785278320312 414.82904052734375 441.35952758789062 457.99853515625 415.14321899414062 359.27462768554688
166.771484375 172.61068725585937 177.66889953613281 198.40257263183594 179.27754211425781 136.70344543457031 168.43067932128906 231.75776672363281 302.33486938476562 373.66824340820312 429.56576538085937 480.81619262695312 524.40496826171875 558.41265869140625 580.92547607421875 591.15985107421875 585.2322998046875 568.5391845703125 556.0098876953125 558.22503662109375 573.03533935546875 592.53228759765625 600.02362060546875 583.62042236328125 559.50738525390625 498.86065673828125 428.23944091796875 404.1583251953125 407.992919921875 446.1859130859375 486.75103759765625 498.67425537109375 497.81124877929687 483.4122314453125 456.5625 435.90371704101562 431.73641967773437 436.0853271484375 442.55715942382812 445.7818603515625 446.07968139648437 445.87033081054687 442.84872436523437 446.34060668945312 450.54946899414062 441.518798828125 437.30508422851562 450.14126586914062 451.75830078125 435.55807495117187 428.85855102539062 417.7645263671875 378.27777099609375 321.51693725585937
166.56544494628906 169.44151306152344 170.51119995117187 158.8258056640625 141.39237976074219 172.89682006835937 227.59129333496094 263.5548095703125 298.70993041992187 341.77532958984375 380.18447875976562 404.82589721679687 435.96493530273437 472.96005249023437 498.90533447265625 507.58712768554688 504.71636962890625 499.0390625 499.58364868164062 514.03790283203125 539.06048583984375 565.6802978515625 579.0849609375 565.38519287109375 541.67340087890625 507.84146118164062 442.944091796875 394.47671508789063 393.71090698242187 423.101318359375 455.68292236328125 471.00640869140625 483.2064208984375 488.98995971679687 484.928466796875 482.21206665039063 484.60113525390625 489.753662109375 494.5731201171875 502.439697265625 503.48654174804687 493.52935791015625 493.46273803710937 489.99234008789062 474.4901123046875 468.13241577148437 464.18099975585937 453.50265502929688 442.10049438476562 431.91030883789062 416.73818969726562 391.51937866210937 352.57785034179687 297.29095458984375
167.22789001464844 171.57511901855469 176.29780578613281 169.15676879882812 156.75086975097656 186.98472595214844 237.3333740234375 270.04391479492187 296.328857421875 296.82864379882812 270.0992431640625 277.00592041015625 337.02365112304687 391.97348022460937 397.6517333984375 373.0091552734375 360.397216796875 371.96343994140625 406.02151489257812 448.322998046875 485.6260986328125 514.56268310546875 529.33721923828125 523.18280029296875 505.68438720703125 492.27850341796875 454.8031005859375 409.70864868164062 399.63833618164062 411.35568237304687 429.91488647460937 447.82589721679687 460.23724365234375 467.8099365234375 473.44161987304687 479.25155639648437 488.1463623046875 498.26275634765625 503.8004150390625 513.53570556640625 522.6435546875 515.2930908203125 510.03338623046875 515.2620849609375 505.78579711914062 488.7410888671875 479.08340454101562 463.1033935546875 442.476806640625 423.64956665039062 401.0653076171875 369.51596069335938 324.19760131835937 266.87466430664062
135.34190368652344 154.97642517089844 168.27444458007812 173.99505615234375 167.70529174804687 167.08711242675781 204.03132629394531 255.40988159179687 296.6075439453125 322.92010498046875 333.82318115234375 320.07223510742188 313.38027954101562 337.131591796875 337.10552978515625 310.64157104492188 293.89337158203125 302.036865234375 332.30422973632812 378.44711303710937 420.47311401367187 444.28329467773437 455.2762451171875 454.798583984375 450.1685791015625 446.97872924804688 422.93136596679687 389.3597412109375 379.04022216796875 386.71224975585937 402.0247802734375 418.66754150390625 429.9747314453125 437.37640380859375 445.36746215820312 454.36703491210937 468.9150390625 487.15838623046875 495.87136840820312 500.661376953125 517.64251708984375 527.29644775390625 518.6060791015625 518.0001220703125 522.08160400390625 511.37051391601562 494.73776245117187 476.10958862304688 450.98117065429687 423.33990478515625 391.5809326171875 349.35855102539062 294.28225708007812 237.40354919433594
32.688686370849609 73.893943786621094 111.54280853271484 137.7471923828125 150.14228820800781 152.95176696777344 154.79197692871094 176.55361938476562 244.37840270996094 312.59054565429687 342.4534912109375 358.17422485351563 351.06390380859375 325.55853271484375 306.16854858398437 286.2115478515625 266.86172485351562 264.66976928710937 284.00399780273437 307.55880737304687 311.24905395507812 302.46640014648437 306.07406616210937 333.60299682617187 357.07125854492187 351.90545654296875 337.8212890625 332.91824340820312 338.23651123046875 350.9146728515625 365.56292724609375 380.48171997070312 391.984619140625 398.29702758789062 411.57296752929687 428.67666625976562 444.87765502929687 465.82040405273437 484.68234252929687 494.4267578125 503.55447387695312 516.1822509765625 521.90716552734375 524.231689453125 527.58465576171875 522.1314697265625 506.65170288085937 484.59527587890625 456.72763061523437 423.61495971679687 382.9783935546875 331.41195678710937 270.26983642578125 218.44007873535156
-9999 -9999 -9999 -9999 25.119487762451172 74.26397705078125 107.07717895507812 121.87064361572266 152.75091552734375 205.30267333984375 224.47744750976562 215.44575500488281 226.32473754882813 261.88714599609375 294.32489013671875 298.13906860351562 273.86007690429687 246.36175537109375 241.71168518066406 243.20109558105469 229.725341796875 207.22541809082031 194.22520446777344 195.88920593261719 204.91593933105469 217.15167236328125 240.74220275878906 272.13223266601562 293.79379272460937 308.8609619140625 325.61065673828125 340.17892456054687 351.36492919921875 361.74261474609375 377.14907836914062 399.94393920898437 426.0869140625 449.80899047851562 469.89810180664062 487.06503295898437 500.49301147460938 512.7376708984375 524.85595703125 533.66180419921875 536.46868896484375 531.79779052734375 517.764892578125 494.39495849609375 463.58633422851563 425.91348266601562 380.00546264648437 321.39486694335937 256.54620361328125 214.78096008300781
-9999 -9999 -9999 -9999 -9999 -9999 -9999 -9999 -9999 32.574794769287109 93.789413452148438 135.237060546875 156.60476684570312 159.14613342285156 161.42955017089844 177.15036010742187 183.7886962890625 187.61175537109375 199.020751953125 206.10452270507812 189.52223205566406 155.99259948730469 133.31179809570312 129.80801391601562 138.21820068359375 156.69664001464844 191.11447143554687 229.66845703125 254.42106628417969 270.62545776367188 286.7396240234375 302.81802368164062 318.01571655273438 334.69381713867187 356.88912963867187 384.164306640625 413.25564575195312 439.91644287109375 462.91348266601562 483.11953735351562 500.474853515625 515.87548828125 530.7603759765625 543.00946044921875 548.60394287109375 545.2578125 532.05596923828125 509.07699584960937 476.66790771484375 435.22064208984375 382.794189453125 316.06332397460937 252.28865051269531 225.23251342773437
-9999 -9999 -9999 -9999 -9999 -9999 -9999 -9999 -9999 -9999 -9999 -9999 -9999 -9999 44.412319183349609 89.767082214355469 89.811531066894531 92.771087646484375 103.71480560302734 116.02273559570312 101.29762268066406 56.685844421386719 30.854330062866211 39.508678436279297 51.984325408935547 63.692581176757812 84.306175231933594 126.62881469726562 186.37217712402344 226.22433471679687 246.7808837890625 266.38116455078125 288.99481201171875 316.37921142578125 346.7091064453125 377.89788818359375 407.594970703125 434.98587036132812 460.52618408203125 483.62347412109375 503.72634887695312 521.13653564453125 537.147705078125 550.78839111328125 558.0269775390625 556.06207275390625 544.03289794921875 521.43060302734375 487.47854614257812 442.28323364257813 383.40951538085937 312.76412963867187 254.444580078125 236.17976379394531
-9999 -9999 -9999 -9999 -9999 -9999 -9999 -9999 -9999 -9999 -9999 -9999 -9999 -9999 -9999 -9999 -9999 -9999 -9999 -9999 -9999 -9999 -9999 -9999 -9999 -9999 -9999 47.958824157714844 114.43079376220703 162.44343566894531 204.11396789550781 230.1221923828125 259.98846435546875 296.02304077148437 336.15133666992187 373.4351806640625 405.90402221679687 435.1806640625 462.56146240234375 487.25152587890625 507.58602905273437 525.64727783203125 543.03240966796875 557.97344970703125 566.5306396484375 564.95074462890625 552.37799072265625 528.19207763671875 491.96783447265625 444.29254150390625 382.17596435546875 312.03546142578125 260.88912963867187 249.02687072753906
-9999 -9999 -9999 -9999 -9999 -9999 -9999 -9999 -9999 -9999 -9999 -9999 -9999 -9999 -9999 -9999 -9999 -9999 -9999 -9999 -9999 -9999 -9999 -9999 -9999 -9999 -9999 4.7505536079406738 40.144683837890625 80.769058227539063 97.66717529296875 121.31591033935547 162.99215698242187 226.325927734375 294.36862182617187 348.36550903320312 391.94903564453125 427.78643798828125 458.71890258789062 483.8485107421875 503.41891479492187 521.926513671875 541.35955810546875 558.81591796875 569.51226806640625 569.78082275390625 558.0927734375 532.85260009765625 494.55953979492187 444.4420166015625 380.02420043945312 312.09408569335937 268.0111083984375 258.66607666015625
-9999 -9999 -9999 -9999 -9999 -9999 -9999 -9999 -9999 -9999 -9999 -9999 -9999 -9999 -9999 -9999 -9999 -9999 -9999 -9999 -9999 -9999 -9999 -9999 -9999 -9999 -9999 -9999 -9999 36.855552673339844 80.681526184082031 110.01677703857422 166.61541748046875 228.59344482421875 283.46246337890625 334.61041259765625 379.99090576171875 419.4703369140625 451.487548828125 474.8812255859375 492.90542602539062 511.6544189453125 533.70538330078125 554.350830078125 567.07958984375 569.48504638671875 559.69464111328125 535.31695556640625 496.55679321289062 443.2060546875 375.2742919921875 310.11395263671875 273.29006958007812 265.13916015625
-9999 -9999 -9999 -9999 -9999 -9999 -9999 -9999 -9999 -9999 -9999 -9999 -9999 -9999 -9999 -9999 -9999 -9999 -9999 -9999 -9999 -9999 -9999 -9999 -9999 -9999 -9999 -9999 -9999 40.205001831054688 85.863128662109375 104.66410827636719 145.13690185546875 206.5009765625 266.56723022460937 316.8314208984375 363.52294921875 403.96856689453125 436.43869018554687 460.0968017578125 477.30844116210937 496.42813110351562 519.937255859375 542.61138916015625 558.747802734375 564.3270263671875 556.99029541015625 534.19671630859375 494.878662109375 436.85296630859375 365.37469482421875 305.38687133789062 277.36862182617187 272.6314697265625
-9999 -9999 -9999 -9999 -9999 -9999 -9999 -9999 -9999 -9999 -9999 -9999 -9999 -9999 -9999 -9999 -9999 -9999 -9999 -9999 -9999 -9999 -9999 -9999 -9999 -9999 -9999 -9999 -9999 31.431619644165039 75.20159912109375 99.771400451660156 133.87249755859375 190.72291564941406 251.3897705078125 301.08450317382812 346.31820678710937 386.28890991210937 419.01766967773437 443.39334106445312 461.97225952148437 479.90972900390625 501.28305053710938 524.181640625 542.4886474609375 552.8687744140625 551.05615234375 530.3428955078125 488.07595825195312 424.1165771484375 352.53219604492187 301.30136108398437 281.15643310546875 278.896240234375
-9999 -9999 -9999 -9999 -9999 -9999 -9999 -9999 -9999 -9999 -9999 -9999 2.5778789520263672 -9999 -9999 -9999 -9999 -9999 -9999 -9999 -9999 -9999 -9999 -9999 -9999 -9999 -9999 -9999 -9999 10.230154037475586 44.617748260498047 88.191139221191406 130.65310668945312 177.26261901855469 231.77267456054687 286.54925537109375 331.46102905273437 370.1475830078125 403.64019775390625 429.90036010742187 448.85922241210937 465.58126831054687 482.92172241210937 502.31512451171875 521.7579345703125 535.7518310546875 539.8111572265625 524.96649169921875 480.5504150390625 411.36050415039063 342.17813110351562 299.64492797851562 284.67022705078125 283.126708984375
-9999 -9999 -9999 -9999 -9999 -9999 -9999 -9999 -9999 -9999 -9999 1.747191309928894 1.9864884614944458 2.6336667537689209 -9999 -9999 -9999 -9999 -9999 -9999 -9999 -9999 -9999 -9999 -9999 -9999 -9999 -9999 -9999 -9999 32.152694702148438 85.495750427246094 140.11695861816406 193.843017578125 236.73039245605469 279.54534912109375 319.47735595703125 357.12652587890625 389.73013305664062 418.04568481445312 438.78738403320312 452.65216064453125 466.94488525390625 482.5452880859375 499.36431884765625 515.15985107421875 524.10247802734375 516.43719482421875 476.55465698242187 407.0723876953125 340.57073974609375 303.271240234375 290.67312622070312 288.841552734375
-9999 -9999 -9999 -9999 -9999 -9999 -9999 -9999 -9999 -9999 -9999 2.767641544342041 3.562842845916748 1.7277003526687622 -9999 -9999 -9999 -9999 -9999 -9999 -9999 -9999 -9999 -9999 -9999 -9999 -9999 -9999 -9999 -9999 34.700706481933594 89.527565002441406 143.03570556640625 200.42236328125 244.22091674804687 282.22573852539062 316.77474975585938 349.1702880859375 381.05160522460937 408.47137451171875 430.18096923828125 444.83029174804687 454.50640869140625 466.9609375 481.52035522460937 494.047607421875 503.94729614257812 505.23544311523438 477.28692626953125 415.7952880859375 351.913330078125 315.00796508789063 302.24404907226563 299.0853271484375
-9999 -9999 -9999 -9999 -9999 -9999 -9999 -9999 -9999 -9999 1.35731041431427 2.8603308200836182 1.5030202865600586 -9999 -9999 -9999 -9999 -9999 -9999 -9999 -9999 -9999 -9999 -9999 -9999 -9999 -9999 -9999 -9999 -9999 42.150535583496094 97.969932556152344 133.70108032226562 182.52708435058594 231.97772216796875 273.287109375 308.79266357421875 341.04299926757812 370.90359497070312 399.56008911132812 422.23492431640625 437.4847412109375 447.2900390625 455.83721923828125 468.51470947265625 479.953125 486.7266845703125 490.77755737304687 479.07177734375 435.983642578125 377.95208740234375 336.95895385742187 320.445556640625 316.06082153320312
-9999 -9999 -9999 -9999 -9999 -9999 -9999 1.4094048738479614 3.1561145782470703 3.5735776424407959 3.4486796855926514 3.0990872383117676 1.4772753715515137 -9999 -9999 -9999 -9999 -9999 -9999 -9999 -9999 -9999 -9999 -9999 -9999 -9999 -9999 -9999 -9999 39.523880004882813 92.384880065917969 115.67861175537109 136.0560302734375 160.50051879882813 199.23713684082031 247.50698852539062 290.35061645507812 325.91879272460937 357.16119384765625 385.69198608398437 411.05596923828125 429.35372924804687 440.20767211914062 448.37698364257812 458.49972534179687 469.94229125976562 476.744384765625 479.65789794921875 477.6712646484375 457.29287719726562 415.00994873046875 371.6387939453125 346.42166137695312 337.16143798828125
-9999 -9999 -9999 -9999 -9999 -9999 -9999 1.4098629951477051 2.9326696395874023 3.0794038772583008 3.0707578659057617 2.9578108787536621 2.5338466167449951 -9999 -9999 -9999 -9999 -9999 -9999 -9999 -9999 -9999 -9999 -9999 -9999 -9999 -9999 -9999 31.008501052856445 79.277923583984375 102.76251983642578 119.76790618896484 146.3714599609375 172.82232666015625 200.31156921386719 238.18998718261719 277.85647583007812 312.743896484375 343.50747680664062 371.8865966796875 398.04598999023437 419.215576171875 432.72320556640625 441.171875 450.1812744140625 461.02493286132812 469.62673950195312 473.51296997070312 474.59017944335937 468.8837890625 447.217041015625 412.73068237304687 381.396728515625 363.73678588867187
