docs/data/Cantabria_U.asc
ncols        561
nrows        106
xllcorner    -4.318994045258
yllcorner    43.292198181152
cellsize     0.002525329590
NODATA_value  -9999
[rows 0 to 23 of 106, columns 324 to 377 of 561]
-17.976886749267578 8.0224018096923828 23.039958953857422 35.597812652587891 61.706939697265625 103.21155548095703 169.51094055175781 267.51129150390625 312.02532958984375 200.40750122070312 140.89814758300781 75.302108764648438 -121.41204071044922 -216.55570983886719 -224.79060363769531 -141.37590026855469 -39.62139892578125 0.097164884209632874 18.387454986572266 24.553834915161133 20.508800506591797 53.872714996337891 167.15257263183594 205.92631530761719 126.80168151855469 120.68907165527344 196.285400390625 265.28268432617187 357.35403442382812 461.008056640625 556.767333984375 641.93084716796875 731.18572998046875 856.882568359375 973.09027099609375 1090.9324951171875 1191.67578125 1195.10498046875 1170.0615234375 1172.504150390625 1188.88671875 1242.629150390625 1272.6708984375 1292.024169921875 1329.603515625 1341.745361328125 1379.2054443359375 1417.640380859375 1425.0953369140625 1384.1807861328125 1332.159912109375 1264.7095947265625 1217.9112548828125 1209.070068359375
55.002182006835938 70.358711242675781 83.96734619140625 101.96855163574219 127.95571136474609 164.87382507324219 224.89178466796875 306.36956787109375 334.66836547851562 293.15670776367188 283.66317749023437 277.10809326171875 139.60038757324219 -41.598487854003906 -115.90190124511719 -105.50270080566406 -58.939067840576172 1.6324641704559326 59.165622711181641 106.99870300292969 147.64515686035156 197.27333068847656 247.96568298339844 264.24383544921875 191.99958801269531 159.20120239257812 237.56663513183594 351.63916015625 485.71072387695312 601.6771240234375 700.152099609375 791.51190185546875 893.350341796875 1012.9557495117187 1129.26953125 1200.4842529296875 1232.739990234375 1249.0462646484375 1266.9765625 1292.9727783203125 1307.76806640625 1315.2913818359375 1328.9298095703125 1354.2156982421875 1375.3001708984375 1393.064697265625 1421.51611328125 1445.96875 1461.438232421875 1479.7752685546875 1497.428955078125 1505.9276123046875 1510.8466796875 1514.996337890625
115.58355712890625 124.54695892333984 136.49371337890625 154.0299072265625 179.21963500976562 217.31655883789063 271.38101196289062 331.0311279296875 376.9486083984375 386.90097045898437 378.73934936523437 336.83218383789062 208.44802856445312 31.359622955322266 -93.729774475097656 -112.54520416259766 -63.660621643066406 -6.7307047843933105 43.822360992431641 94.853759765625 147.59213256835937 208.54534912109375 261.57168579101563 300.95343017578125 316.32965087890625 329.19622802734375 373.3553466796875 454.61758422851563 570.99713134765625 688.8812255859375 790.935791015625 884.5125732421875 979.64215087890625 1071.9129638671875 1152.195556640625 1208.3551025390625 1245.66259765625 1275.2265625 1298.4339599609375 1318.6868896484375 1338.172607421875 1357.374755859375 1376.652099609375 1397.0123291015625 1416.2960205078125 1431.4154052734375 1444.11572265625 1456.20263671875 1466.3626708984375 1472.6292724609375 1474.2874755859375 1471.841796875 1468.085205078125 1466.9595947265625
170.82913208007812 174.47254943847656 181.14378356933594 191.79484558105469 208.57986450195312 238.9072265625 285.72918701171875 338.7325439453125 370.78659057617187 368.42507934570312 355.41409301757813 202.72172546386719 -38.146877288818359 -114.14672088623047 -76.035736083984375 -32.812808990478516 -13.506790161132813 -13.113701820373535 3.805872917175293 53.547710418701172 118.13053894042969 178.21833801269531 235.16183471679687 288.3994140625 341.919189453125 402.65817260742187 477.91000366210937 567.0140380859375 664.3319091796875 753.7149658203125 829.520751953125 902.283935546875 981.435302734375 1062.592041015625 1135.139892578125 1190.4573974609375 1229.6632080078125 1260.6839599609375 1287.5877685546875 1310.6055908203125 1330.3453369140625 1347.5289306640625 1362.36181640625 1374.6942138671875 1384.3939208984375 1391.438720703125 1396.0399169921875 1398.955322265625 1401.181640625 1402.7862548828125 1402.688232421875 1400.88525390625 1399.384765625 1400.1346435546875
223.99729919433594 222.87980651855469 223.51185607910156 227.42105102539062 238.55278015136719 265.75506591796875 310.01797485351562 359.67404174804687 395.57611083984375 415.8607177734375 370.98077392578125 180.69244384765625 -40.561519622802734 -120.64749908447266 -80.215324401855469 -3.8003177642822266 61.750465393066406 90.77081298828125 83.21148681640625 76.379043579101563 113.46571350097656 176.19993591308594 235.65596008300781 299.68948364257812 378.63442993164062 478.32431030273437 581.343994140625 650.9071044921875 687.3927001953125 725.08038330078125 782.01751708984375 853.74658203125 931.46917724609375 1010.5205078125 1088.0101318359375 1158.390625 1216.4095458984375 1261.1661376953125 1294.4061279296875 1318.44775390625 1336.221435546875 1350.1824951171875 1361.463134765625 1370.4429931640625 1377.39892578125 1382.6439208984375 1386.463623046875 1389.53515625 1393.1156005859375 1397.412353515625 1401.45068359375 1404.7734375 1407.2752685546875 1409.681396484375
269.617431640625 266.10699462890625 263.60263061523437 264.54898071289062 274.20574951171875 299.82421875 339.74087524414062 380.90908813476562 397.46798706054687 380.76910400390625 150.00382995605469 -168.65713500976563 -250.28610229492188 -186.96559143066406 -96.410194396972656 3.6434903144836426 101.88209533691406 148.06343078613281 151.47503662109375 155.60699462890625 168.91899108886719 218.36065673828125 293.26815795898437 379.1446533203125 493.24810791015625 606.42437744140625 637.70782470703125 596.68365478515625 590.18438720703125 654.6524658203125 744.53875732421875 824.677978515625 892.34027099609375 956.61334228515625 1023.9979858398437 1094.2044677734375 1162.1678466796875 1221.8740234375 1269.6202392578125 1305.344482421875 1331.6846923828125 1351.2794189453125 1365.4464111328125 1375.1160888671875 1381.4141845703125 1385.34716796875 1387.69921875 1389.39794921875 1392.088623046875 1395.0345458984375 1398.173828125 1399.130859375 1390.975341796875 1376.8790283203125
311.70260620117187 308.5264892578125 306.44000244140625 307.281494140625 315.66854858398437 336.9903564453125 371.03955078125 403.6820068359375 408.60983276367188 239.30723571777344 -120.74878692626953 -331.41775512695312 -305.23858642578125 -214.34503173828125 -109.31366729736328 2.3424365520477295 124.18055725097656 206.55323791503906 237.95701599121094 253.98304748535156 270.59939575195312 321.60137939453125 411.81533813476562 532.81201171875 660.20489501953125 676.90985107421875 562.38372802734375 496.21484375 551.208251953125 643.7523193359375 724.134765625 789.99603271484375 849.09527587890625 906.20831298828125 963.79132080078125 1022.3927001953125 1081.7216796875 1140.4114990234375 1195.181396484375 1243.0093994140625 1283.3919677734375 1316.8209228515625 1343.1124267578125 1362.1993408203125 1374.786376953125 1382.0128173828125 1385.408935546875 1386.4693603515625 1389.1318359375 1384.0225830078125 1372.31298828125 1362.583984375 1340.5223388671875 1313.6429443359375
358.02267456054687 355.72906494140625 355.14151000976562 356.12045288085937 361.29751586914062 374.4833984375 399.9769287109375 421.04898071289063 432.13162231445312 161.67243957519531 -269.74658203125 -403.73355102539062 -335.61209106445312 -232.88116455078125 -123.46125030517578 -7.461179256439209 118.10501861572266 230.18743896484375 297.16232299804687 335.560546875 393.1396484375 475.95700073242187 577.83538818359375 706.2899169921875 769.67559814453125 657.74847412109375 509.11471557617187 485.69784545898437 549.1134033203125 628.6319580078125 698.0750732421875 759.81683349609375 817.28326416015625 871.2215576171875 921.93927001953125 968.8065185546875 1011.882568359375 1053.8482666015625 1097.917236328125 1144.4976806640625 1191.270263671875 1235.1129150390625 1273.2447509765625 1304.0657958984375 1327.303466796875 1343.2548828125 1352.6683349609375 1357.7650146484375 1362.631591796875 1366.1204833984375 1367.9605712890625 1365.5242919921875 1351.3826904296875 1333.4832763671875
408.91171264648437 404.79501342773437 404.1123046875 405.044677734375 406.76425170898437 409.1900634765625 420.32516479492187 424.12692260742187 395.70364379882812 98.948310852050781 -302.10943603515625 -411.07711791992187 -344.02920532226562 -242.94493103027344 -140.43804931640625 -30.680028915405273 90.617691040039063 217.1856689453125 339.79595947265625 438.4375 522.22845458984375 609.72979736328125 708.4945068359375 810.291748046875 807.0157470703125 662.85906982421875 538.47406005859375 522.326171875 566.3193359375 624.424560546875 680.82952880859375 736.5701904296875 791.70904541015625 844.79150390625 894.90325927734375 938.90155029296875 972.80999755859375 998.02740478515625 1022.0304565429687 1051.230224609375 1086.640625 1125.7733154296875 1164.7470703125 1200.109130859375 1229.869873046875 1246.33642578125 1244.176025390625 1237.8544921875 1241.46923828125 1250.6636962890625 1257.114990234375 1255.5078125 1245.1800537109375 1231.6015625
462.54556274414062 452.85125732421875 447.98788452148437 446.71658325195312 443.3304443359375 407.67886352539062 364.19723510742188 360.74407958984375 351.22811889648438 61.381988525390625 -319.30111694335937 -404.06170654296875 -333.42556762695312 -239.33610534667969 -143.62763977050781 -38.154659271240234 78.94781494140625 210.59614562988281 367.77468872070313 508.23944091796875 603.19427490234375 683.66058349609375 770.35333251953125 846.6331787109375 805.42742919921875 639.57861328125 524.55914306640625 525.1328125 571.303955078125 621.548095703125 670.8209228515625 720.61383056640625 770.6324462890625 819.9722900390625 869.07012939453125 914.709716796875 949.6224365234375 971.4285888671875 986.69378662109375 1003.3478393554687 1024.2296142578125 1048.361328125 1075.09716796875 1090.7420654296875 1095.7613525390625 1102.851806640625 1084.0020751953125 1028.3719482421875 970.27032470703125 939.5225830078125 938.1356201171875 934.15350341796875 914.6136474609375 894.7230224609375
507.36846923828125 491.5369873046875 481.40017700195312 475.53204345703125 469.28671264648437 448.3739013671875 424.73748779296875 414.71331787109375 400.71365356445312 43.944850921630859 -356.681396484375 -376.05511474609375 -298.98834228515625 -212.41448974609375 -115.61653900146484 -10.220335960388184 100.63475799560547 233.17730712890625 396.23825073242187 548.65869140625 652.71563720703125 720.91864013671875 783.4130859375 836.63824462890625 806.5074462890625 654.7467041015625 516.79522705078125 509.62222290039062 566.89300537109375 620.84100341796875 669.4727783203125 715.34844970703125 759.58209228515625 802.70574951171875 846.89337158203125 890.6822509765625 925.248046875 945.25213623046875 958.17877197265625 974.5335693359375 995.938720703125 1018.7965698242187 1042.08447265625 1049.0230712890625 1033.126953125 1002.6199951171875 957.6876220703125 919.05889892578125 892.0308837890625 873.36016845703125 855.6043701171875 823.41632080078125 796.275634765625 781.83636474609375
517.43572998046875 508.40457153320312 500.353515625 493.82025146484375 487.25494384765625 479.21978759765625 477.21945190429687 466.93905639648437 451.00469970703125 212.236083984375 -156.3702392578125 -284.21853637695312 -240.35897827148437 -158.46868896484375 -64.219375610351563 39.698551177978516 150.49195861816406 277.75518798828125 418.74093627929687 536.47186279296875 614.8592529296875 681.14837646484375 745.150634765625 772.808349609375 730.7412109375 590.877197265625 470.38589477539062 470.01992797851562 528.40478515625 600.34832763671875 663.01104736328125 717.13336181640625 763.96087646484375 805.24554443359375 844.53594970703125 883.1937255859375 913.4342041015625 926.64947509765625 928.4564208984375 937.9842529296875 966.55389404296875 990.59893798828125 1001.9158325195312 1010.74755859375 1009.7341918945312 986.72467041015625 938.94952392578125 898.40191650390625 881.32781982421875 835.512939453125 768.32489013671875 732.84417724609375 714.22064208984375 650.9425048828125
503.19082641601562 504.36688232421875 500.75576782226562 499.38546752929687 499.18109130859375 496.848876953125 500.41970825195312 503.60501098632813 496.01376342773437 244.43768310546875 -103.86257934570312 -198.88723754882812 -162.52133178710937 -91.180229187011719 -0.314321368932724 99.866561889648438 198.7503662109375 297.97308349609375 405.36318969726562 500.90353393554687 555.722900390625 591.01007080078125 647.23004150390625 686.842529296875 656.00799560546875 562.52276611328125 458.17947387695312 423.22671508789063 471.2532958984375 552.00518798828125 634.90972900390625 709.46014404296875 772.92645263671875 823.71331787109375 863.80572509765625 896.658203125 919.2672119140625 924.6883544921875 920.003173828125 895.481201171875 870.102783203125 887.58538818359375 939.7315673828125 978.6217041015625 982.0675048828125 971.61688232421875 952.2584228515625 934.0140380859375 919.16436767578125 881.793701171875 768.1234130859375 633.036865234375 502.03515625 287.14010620117187
392.2335205078125 398.26019287109375 402.09518432617187 428.66290283203125 466.64718627929687 489.30474853515625 506.25399780273438 525.3353271484375 545.86285400390625 500.19393920898437 268.380615234375 39.522903442382813 -24.635574340820313 -7.787534236907959 57.707832336425781 135.73689270019531 212.58155822753906 281.19171142578125 347.28713989257812 419.62625122070312 479.3314208984375 511.30804443359375 546.8897705078125 584.26092529296875 570.22845458984375 509.33111572265625 431.78436279296875 391.69577026367187 421.7239990234375 495.77828979492187 593.2197265625 690.14434814453125 774.056396484375 838.3271484375 882.49188232421875 910.6689453125 927.43072509765625 906.8668212890625 863.2584228515625 844.7498779296875 841.44091796875 845.30401611328125 870.67327880859375 914.32794189453125 951.99200439453125 965.9119873046875 960.22161865234375 957.025146484375 958.7738037109375 942.21307373046875 870.84619140625 746.045654296875 458.00967407226562 26.82215690612793
446.18896484375 456.77081298828125 470.03707885742187 483.98776245117187 500.57373046875 514.93798828125 527.86932373046875 545.30615234375 568.3709716796875 588.65380859375 563.6904296875 443.7908935546875 220.32435607910156 60.176937103271484 76.504539489746094 137.88522338867187 187.23970031738281 243.42436218261719 298.5440673828125 359.31893920898437 417.8804931640625 451.3349609375 473.26614379882812 498.4462890625 485.5928955078125 436.17013549804687 377.37078857421875 353.25808715820312 392.4459228515625 467.25970458984375 567.57806396484375 672.7169189453125 762.0794677734375 828.38739013671875 872.851806640625 900.31488037109375 915.97174072265625 910.95721435546875 867.0877685546875 815.6824951171875 804.6207275390625 820.3580322265625 839.4136962890625 869.3673095703125 910.97430419921875 944.49664306640625 947.36431884765625 936.64935302734375 947.19769287109375 966.655517578125 952.03582763671875 893.2838134765625 567.30810546875 66.696632385253906
381.81094360351562 404.471435546875 428.85556030273437 435.69473266601562 451.1597900390625 460.01858520507812 465.40670776367187 494.83843994140625 534.34765625 566.90155029296875 592.87738037109375 596.62274169921875 543.66790771484375 360.937744140625 172.97024536132813 131.166015625 161.68572998046875 211.232421875 269.05966186523437 326.81686401367187 381.05023193359375 423.35690307617187 446.90093994140625 458.3504638671875 435.42996215820312 386.22476196289062 364.53244018554687 374.48605346679687 407.21176147460938 466.67938232421875 548.64678955078125 641.200927734375 724.7589111328125 787.35955810546875 833.2723388671875 866.21954345703125 888.09197998046875 901.0943603515625 874.441162109375 811.29119873046875 777.8006591796875 791.1224365234375 817.74542236328125 842.52490234375 874.57183837890625 911.3857421875 927.6397705078125 919.20166015625 912.38189697265625 921.89813232421875 933.8394775390625 935.914306640625 726.02569580078125 249.76812744140625
426.36233520507812 404.2811279296875 426.359130859375 474.00775146484375 511.96096801757812 532.8116455078125 542.716064453125 549.29608154296875 531.91552734375 496.445068359375 494.04461669921875 511.780517578125 495.3343505859375 445.0111083984375 388.13888549804687 316.70339965820313 258.38861083984375 244.07260131835937 265.70947265625 315.87359619140625 372.236328125 426.39425659179687 464.44384765625 478.60879516601562 460.4315185546875 409.93218994140625 376.57394409179687 379.185302734375 401.6065673828125 445.17410278320312 506.67010498046875 572.3131103515625 639.19488525390625 705.3065185546875 752.66351318359375 786.90667724609375 797.458984375 791.1805419921875 809.7176513671875 811.4639892578125 781.6695556640625 771.66375732421875 792.0684814453125 817.39141845703125 835.45263671875 860.189208984375 887.193603515625 895.930419921875 885.7381591796875 877.9984130859375 884.5118408203125 896.94976806640625 762.31378173828125 339.50442504882812
495.10308837890625 501.17788696289062 509.20635986328125 520.93701171875 509.34161376953125 489.56051635742187 507.81884765625 532.72003173828125 518.99542236328125 472.70181274414062 420.098876953125 381.69775390625 376.08541870117187 409.67922973632812 463.2659912109375 496.1512451171875 417.94699096679687 302.6287841796875 266.53741455078125 278.96817016601562 329.2008056640625 412.32736206054687 488.20077514648437 525.52667236328125 526.52691650390625 489.1895751953125 439.50234985351562 404.84268188476562 391.15185546875 407.41885375976562 449.56027221679687 500.66610717773438 554.7080078125 608.0430908203125 660.68499755859375 712.3516845703125 753.32794189453125 765.94696044921875 763.263427734375 768.2689208984375 768.4150390625 762.13446044921875 768.3953857421875 788.2520751953125 805.9210205078125 821.238037109375 841.08203125 855.68084716796875 855.27545166015625 846.086669921875 841.61248779296875 830.83343505859375 703.67340087890625 349.89935302734375
451.92495727539062 472.8094482421875 467.91961669921875 474.63336181640625 491.9049072265625 499.6348876953125 496.47494506835937 495.5699462890625 491.02822875976562 452.851806640625 384.69979858398437 325.01336669921875 312.57870483398437 360.1802978515625 436.54171752929687 506.76318359375 532.9659423828125 453.50814819335937 346.79443359375 309.76416015625 326.21258544921875 390.68392944335937 471.21646118164062 533.0697021484375 563.503662109375 556.91485595703125 521.35540771484375 473.61465454101562 425.02508544921875 400.69140625 416.47808837890625 454.830810546875 501.06503295898437 545.01123046875 589.642822265625 633.39691162109375 668.38043212890625 699.76727294921875 718.4176025390625 728.50860595703125 741.67938232421875 748.91448974609375 751.6019287109375 761.508056640625 778.166015625 794.33343505859375 808.92608642578125 819.9652099609375 823.296875 817.83660888671875 809.85699462890625 787.45086669921875 686.015625 421.03872680664062
459.72955322265625 474.94964599609375 486.84979248046875 493.9774169921875 499.02694702148437 501.561767578125 499.95281982421875 488.83929443359375 466.44821166992187 429.69076538085937 376.05667114257813 333.08660888671875 326.05593872070312 344.46234130859375 391.53375244140625 462.83096313476562 526.3914794921875 546.88470458984375 512.60888671875 427.0233154296875 370.49850463867187 395.01296997070312 452.55538940429687 511.27203369140625 547.84613037109375 559.106201171875 535.1434326171875 484.2872314453125 422.59671020507812 386.92782592773437 400.00534057617187 426.17056274414062 446.79873657226562 468.43927001953125 503.18795776367187 550.95745849609375 597.1851806640625 640.69451904296875 674.015869140625 691.6815185546875 709.17510986328125 726.1304931640625 734.8695068359375 741.33538818359375 753.20538330078125 767.693359375 779.8681640625 788.13165283203125 792.0196533203125 791.34368896484375 785.43121337890625 766.13616943359375 684.59149169921875 499.95297241210937
480.3397216796875 492.88027954101562 503.24847412109375 510.5540771484375 514.8394775390625 514.40234375 508.475830078125 493.8275146484375 468.40182495117187 439.56463623046875 404.125732421875 369.91552734375 354.73245239257812 343.90536499023437 350.09326171875 401.52301025390625 478.42694091796875 540.31939697265625 564.40765380859375 543.9647216796875 488.09283447265625 445.85516357421875 449.79522705078125 480.28482055664062 506.43780517578125 518.172119140625 511.88247680664062 491.39315795898437 465.82846069335938 439.64895629882812 427.49578857421875 431.34857177734375 441.69955444335937 456.96505737304687 482.02008056640625 516.2606201171875 555.04608154296875 600.7510986328125 640.73779296875 659.100830078125 668.81634521484375 681.26116943359375 689.96075439453125 694.3050537109375 703.382568359375 718.55859375 733.998291015625 745.46551513671875 752.70703125 756.8341064453125 755.86199951171875 739.40771484375 676.70086669921875 555.61181640625
474.93441772460937 488.053955078125 500.42913818359375 511.16842651367187 518.70037841796875 517.9625244140625 507.98220825195312 493.314453125 469.6715087890625 444.62075805664062 420.56988525390625 398.99591064453125 399.76116943359375 395.42819213867187 374.81689453125 381.53521728515625 428.27542114257812 494.96044921875 551.524658203125 579.94244384765625 573.8951416015625 528.40716552734375 478.5975341796875 462.3145751953125 467.05404663085937 473.98919677734375 475.24099731445312 472.9532470703125 470.4486083984375 463.28201293945313 454.13778686523437 451.59182739257812 457.05923461914062 469.20184326171875 489.05609130859375 514.60174560546875 538.848388671875 564.84698486328125 598.95159912109375 623.84576416015625 633.59619140625 644.863037109375 655.84771728515625 660.05950927734375 663.80511474609375 672.66864013671875 684.90478515625 695.9134521484375 705.24224853515625 713.20062255859375 716.7762451171875 704.8455810546875 664.6385498046875 580.4967041015625
456.607177734375 469.49697875976562 484.16812133789062 498.04885864257812 508.0477294921875 511.15774536132812 507.290771484375 497.51217651367187 481.20074462890625 460.7044677734375 441.40994262695312 426.6226806640625 431.54107666015625 452.231689453125 450.49560546875 421.17898559570312 410.64889526367187 454.36941528320312 526.22882080078125 583.0028076171875 610.13470458984375 595.75146484375 535.81329345703125 474.48117065429687 450.12136840820312 447.06521606445312 449.07696533203125 453.92877197265625 461.56869506835937 466.95407104492187 466.98416137695312 466.36575317382812 470.6622314453125 480.76223754882812 492.26950073242187 498.83505249023437 504.11380004882812 505.00433349609375 505.2822265625 525.1011962890625 560.6444091796875 598.88165283203125 632.631591796875 656.07904052734375 671.0384521484375 682.4798583984375 693.33258056640625 702.67413330078125 704.661376953125 698.277587890625 693.02783203125 686.64923095703125 662.91070556640625 597.5823974609375
435.91397094726562 450.32296752929687 465.82235717773437 483.2635498046875 494.59103393554687 502.73403930664062 504.00439453125 501.52523803710937 496.39248657226562 484.48501586914062 470.92990112304688 460.88497924804687 461.63064575195312 483.20492553710937 511.60464477539062 500.186767578125 464.1824951171875 473.171630859375 525.0751953125 577.32708740234375 611.72735595703125 621.5701904296875 586.15948486328125 514.38836669921875 460.31088256835937 443.393310546875 441.92718505859375 443.46810913085937 448.94573974609375 455.17596435546875 458.30294799804687 456.73361206054687 454.6915283203125 451.06005859375 444.85406494140625 447.08303833007812 449.67849731445312 398.58465576171875 336.41619873046875 329.19393920898437 349.38790893554687 378.4219970703125 406.70892333984375 433.58297729492187 459.75833129882812 484.63455200195312 507.22805786132813 527.20111083984375 545.5638427734375 562.8594970703125 578.66717529296875 589.24530029296875 585.58514404296875 563.75360107421875
