docs/data/geopotentialHeight.asc
ncols        90
nrows        62
xllcorner    24.750000000000
yllcorner    8.250000000000
cellsize     0.500000000000
[rows 0 to 19 of 62, columns 44 to 87 of 90]
1523.82861328125 1522.8365478515625 1523.6845703125 1524.64453125 1524.692626953125 1524.8045654296875 1525.444580078125 1526.820556640625 1528.58056640625 1530.0045166015625 1530.99658203125 1532.0045166015625 1532.4365234375 1531.9085693359375 1530.884521484375 1530.8045654296875 1531.6685791015625 1530.4686279296875 1529.652587890625 1529.0765380859375 1528.756591796875 1527.588623046875 1525.172607421875 1522.16455078125 1519.172607421875 1516.612548828125 1514.7725830078125 1514.4525146484375 1513.892578125 1512.964599609375 1512.78857421875 1511.82861328125 1509.62060546875 1506.692626953125 1503.20458984375 1499.060546875 1495.060546875 1491.236572265625 1487.236572265625 1482.964599609375 1482.03662109375 1500.0206298828125 1504.1165771484375 1503.2685546875
1518.16455078125 1519.6046142578125 1522.16455078125 1523.6845703125 1524.612548828125 1524.1165771484375 1525.140625 1526.5645751953125 1527.9725341796875 1529.140625 1529.444580078125 1529.4605712890625 1529.7645263671875 1529.652587890625 1529.3165283203125 1529.1566162109375 1528.756591796875 1527.9405517578125 1527.3486328125 1527.588623046875 1527.54052734375 1526.9805908203125 1524.5006103515625 1522.4525146484375 1520.884521484375 1518.9805908203125 1518.03662109375 1517.892578125 1517.060546875 1516.0045166015625 1515.2845458984375 1513.4765625 1510.964599609375 1507.6685791015625 1503.7325439453125 1499.4605712890625 1495.1885986328125 1491.4285888671875 1487.8446044921875 1485.20458984375 1484.6605224609375 1486.7725830078125 1483.796630859375 1482.9005126953125
1508.1005859375 1508.99658203125 1514.5645751953125 1526.404541015625 1526.692626953125 1523.54052734375 1524.132568359375 1525.0125732421875 1526.0526123046875 1527.12451171875 1527.4285888671875 1527.060546875 1527.0445556640625 1526.7725830078125 1526.340576171875 1526.340576171875 1525.7005615234375 1525.6685791015625 1525.300537109375 1525.6845703125 1524.068603515625 1523.8126220703125 1525.82861328125 1523.95654296875 1521.2205810546875 1520.4686279296875 1519.380615234375 1518.7725830078125 1517.9405517578125 1516.692626953125 1515.20458984375 1512.692626953125 1509.892578125 1506.4365234375 1502.2125244140625 1497.74853515625 1493.4925537109375 1489.0125732421875 1484.6285400390625 1481.924560546875 1481.796630859375 1481.8446044921875 1480.2926025390625 1480.0206298828125
1508.0206298828125 1510.1005859375 1509.4925537109375 1514.5166015625 1523.12451171875 1521.6046142578125 1521.5726318359375 1522.8685302734375 1524.4205322265625 1524.964599609375 1525.4605712890625 1525.4605712890625 1525.652587890625 1525.1885986328125 1524.4525146484375 1524.4686279296875 1524.37255859375 1523.716552734375 1525.2205810546875 1524.3565673828125 1525.444580078125 1524.8045654296875 1523.4925537109375 1519.1566162109375 1523.1885986328125 1521.20458984375 1520.676513671875 1520.132568359375 1518.4205322265625 1516.548583984375 1515.0125732421875 1512.276611328125 1509.3966064453125 1505.988525390625 1501.95654296875 1497.8765869140625 1493.716552734375 1489.0445556640625 1484.5325927734375 1482.0045166015625 1482.676513671875 1481.6685791015625 1481.444580078125 1481.172607421875
1505.236572265625 1510.0526123046875 1510.24462890625 1513.2205810546875 1518.7086181640625 1518.5645751953125 1521.2525634765625 1521.4285888671875 1522.30859375 1521.82861328125 1522.9166259765625 1522.9486083984375 1522.724609375 1522.612548828125 1522.03662109375 1521.8126220703125 1523.2685546875 1521.9725341796875 1517.5726318359375 1517.7005615234375 1518.484619140625 1517.8446044921875 1517.3966064453125 1517.62060546875 1518.5006103515625 1517.1085205078125 1520.37255859375 1518.0845947265625 1517.172607421875 1514.9486083984375 1513.060546875 1510.276611328125 1507.380615234375 1504.37255859375 1501.2685546875 1497.924560546875 1494.1805419921875 1489.7645263671875 1485.82861328125 1483.588623046875 1483.54052734375 1483.62060546875 1482.7406005859375 1483.380615234375
1495.508544921875 1505.140625 1505.20458984375 1505.796630859375 1517.7645263671875 1515.988525390625 1504.612548828125 1511.1566162109375 1525.4925537109375 1521.5726318359375 1522.9805908203125 1522.1805419921875 1522.03662109375 1523.5565185546875 1521.5565185546875 1531.2685546875 1512.692626953125 1518.9166259765625 1516.5166015625 1513.9405517578125 1510.676513671875 1514.37255859375 1514.9005126953125 1511.54052734375 1515.092529296875 1519.1566162109375 1513.924560546875 1516.6285400390625 1514.6285400390625 1512.6605224609375 1510.0526123046875 1507.028564453125 1504.3885498046875 1502.068603515625 1499.588623046875 1496.64453125 1493.6046142578125 1490.676513671875 1488.612548828125 1488.5965576171875 1488.6605224609375 1472.8525390625 1479.7645263671875 1480.132568359375
1497.092529296875 1500.64453125 1500.9326171875 1500.3885498046875 1503.9725341796875 1508.5325927734375 1509.140625 1508.2926025390625 1509.092529296875 1521.1885986328125 1529.092529296875 1532.78857421875 1519.6365966796875 1521.716552734375 1508.9166259765625 1510.9805908203125 1509.780517578125 1510.6605224609375 1513.95654296875 1513.0765380859375 1511.5726318359375 1512.8045654296875 1514.132568359375 1512.0526123046875 1512.5166015625 1514.820556640625 1517.41259765625 1516.2125244140625 1514.5965576171875 1511.7005615234375 1509.0125732421875 1506.228515625 1503.060546875 1501.2205810546875 1500.03662109375 1498.692626953125 1496.8045654296875 1491.060546875 1489.62060546875 1491.1085205078125 1486.756591796875 1483.9085693359375 1477.1566162109375 1478.2926025390625
1494.1005859375 1496.820556640625 1497.8446044921875 1496.1165771484375 1498.16455078125 1504.5645751953125 1506.16455078125 1506.724609375 1506.5965576171875 1506.676513671875 1504.1485595703125 1507.54052734375 1501.8446044921875 1506.484619140625 1505.140625 1510.0206298828125 1508.4365234375 1507.780517578125 1509.1085205078125 1506.756591796875 1505.924560546875 1505.988525390625 1504.64453125 1505.1885986328125 1508.0526123046875 1508.5325927734375 1514.9166259765625 1508.5965576171875 1507.2845458984375 1505.5565185546875 1503.796630859375 1502.1805419921875 1499.2685546875 1495.33251953125 1492.7406005859375 1495.060546875 1492.5325927734375 1492.9005126953125 1500.30859375 1489.95654296875 1502.5166015625 1500.340576171875 1496.99658203125 1487.8765869140625
1491.924560546875 1493.2525634765625 1492.37255859375 1492.8365478515625 1491.9725341796875 1494.5006103515625 1502.484619140625 1507.060546875 1506.30859375 1506.2125244140625 1505.5726318359375 1506.2125244140625 1505.3165283203125 1505.300537109375 1506.1005859375 1507.3485107421875 1506.8525390625 1506.196533203125 1505.924560546875 1505.588623046875 1504.7725830078125 1506.64453125 1505.380615234375 1504.5006103515625 1504.692626953125 1503.716552734375 1501.060546875 1505.796630859375 1502.64453125 1497.780517578125 1498.16455078125 1498.404541015625 1497.0765380859375 1492.58056640625 1486.5325927734375 1485.588623046875 1481.4925537109375 1470.4525146484375 1485.572509765625 1479.4925537109375 1495.140625 1496.4365234375 1494.484619140625 1458.78857421875
1484.99658203125 1484.820556640625 1485.172607421875 1488.548583984375 1489.3165283203125 1491.0125732421875 1498.196533203125 1501.2845458984375 1502.2125244140625 1503.33251953125 1503.3646240234375 1503.092529296875 1503.8765869140625 1503.4605712890625 1503.12451171875 1503.652587890625 1503.796630859375 1503.2685546875 1502.612548828125 1502.484619140625 1501.6845703125 1503.1085205078125 1499.41259765625 1504.820556640625 1504.692626953125 1504.5965576171875 1499.8446044921875 1494.4205322265625 1495.33251953125 1487.060546875 1475.4765625 1467.5565185546875 1479.9405517578125 1476.7086181640625 1477.9725341796875 1479.588623046875 1473.380615234375 1470.5006103515625 1462.8365478515625 1463.3485107421875 1467.060546875 1465.3966064453125 1462.4205322265625 1453.588623046875
1480.3885498046875 1479.092529296875 1481.62060546875 1487.3646240234375 1489.140625 1491.62060546875 1492.484619140625 1491.2845458984375 1502.5006103515625 1500.8045654296875 1496.548583984375 1499.1566162109375 1501.54052734375 1500.276611328125 1498.5645751953125 1499.62060546875 1500.2606201171875 1500.132568359375 1498.7406005859375 1497.6365966796875 1500.612548828125 1499.8446044921875 1495.0125732421875 1496.37255859375 1502.0526123046875 1503.444580078125 1504.4365234375 1495.4925537109375 1483.41259765625 1472.9326171875 1467.6845703125 1455.9405517578125 1471.6046142578125 1466.6285400390625 1469.892578125 1467.508544921875 1462.228515625 1460.4525146484375 1451.0125732421875 1446.1485595703125 1448.8365478515625 1457.780517578125 1450.3885498046875 1434.196533203125
1481.6685791015625 1476.1485595703125 1477.172607421875 1477.8126220703125 1476.7406005859375 1482.5965576171875 1485.95654296875 1485.4605712890625 1486.7725830078125 1503.8446044921875 1495.7645263671875 1497.74853515625 1498.0526123046875 1495.6845703125 1496.5166015625 1495.6845703125 1498.16455078125 1496.692626953125 1497.95654296875 1496.884521484375 1496.7406005859375 1495.4925537109375 1494.196533203125 1492.612548828125 1489.716552734375 1497.4925537109375 1503.5726318359375 1492.9166259765625 1477.5245361328125 1460.820556640625 1444.3565673828125 1427.6046142578125 1435.0445556640625 1434.9166259765625 1443.236572265625 1454.7086181640625 1444.692626953125 1429.6845703125 1432.1485595703125 1425.7645263671875 1449.2525634765625 1451.1085205078125 1436.9486083984375 1415.0765380859375
1475.3165283203125 1475.508544921875 1475.236572265625 1469.33251953125 1473.4285888671875 1492.7086181640625 1494.676513671875 1494.404541015625 1486.7406005859375 1482.228515625 1486.64453125 1497.20458984375 1494.9805908203125 1493.9085693359375 1493.12451171875 1494.068603515625 1493.1085205078125 1495.1566162109375 1497.140625 1495.74853515625 1496.132568359375 1492.276611328125 1493.33251953125 1485.0125732421875 1481.9085693359375 1483.4765625 1478.4686279296875 1479.0445556640625 1467.5245361328125 1450.8525390625 1435.092529296875 1426.132568359375 1420.756591796875 1422.068603515625 1440.5166015625 1431.4925537109375 1421.3485107421875 1420.484619140625 1415.988525390625 1419.95654296875 1435.3485107421875 1420.2926025390625 1408.78857421875 1414.8365478515625
1473.092529296875 1472.548583984375 1470.8045654296875 1469.6046142578125 1471.060546875 1468.3885498046875 1492.1485595703125 1493.4285888671875 1485.588623046875 1483.5245361328125 1482.16455078125 1482.612548828125 1488.1805419921875 1492.3245849609375 1491.2685546875 1492.2606201171875 1494.1485595703125 1494.756591796875 1496.404541015625 1496.3565673828125 1495.924560546875 1494.2606201171875 1489.3165283203125 1481.380615234375 1476.548583984375 1472.612548828125 1475.62060546875 1473.924560546875 1460.2125244140625 1441.780517578125 1429.4925537109375 1426.4205322265625 1421.82861328125 1414.5006103515625 1412.964599609375 1413.0125732421875 1411.2205810546875 1415.9085693359375 1413.092529296875 1414.612548828125 1405.092529296875 1406.884521484375 1403.74853515625 1407.380615234375
1472.9805908203125 1470.8365478515625 1468.276611328125 1468.3245849609375 1469.380615234375 1469.2205810546875 1468.5166015625 1480.676513671875 1488.1005859375 1488.340576171875 1487.5565185546875 1481.988525390625 1476.756591796875 1488.2125244140625 1491.8446044921875 1487.4605712890625 1488.3565673828125 1485.6046142578125 1491.9725341796875 1495.1085205078125 1494.5325927734375 1491.41259765625 1485.8765869140625 1479.62060546875 1472.484619140625 1468.4205322265625 1471.2845458984375 1464.9005126953125 1449.172607421875 1436.30859375 1426.196533203125 1420.7406005859375 1419.4925537109375 1417.62060546875 1415.780517578125 1413.7645263671875 1411.6845703125 1408.340576171875 1408.5006103515625 1403.588623046875 1404.820556640625 1406.4525146484375 1406.9166259765625 1404.16455078125
1472.0206298828125 1469.0765380859375 1466.676513671875 1466.2606201171875 1467.3646240234375 1467.3165283203125 1465.2205810546875 1472.9005126953125 1477.1566162109375 1488.676513671875 1489.7645263671875 1483.2525634765625 1475.5245361328125 1474.692626953125 1494.9326171875 1488.78857421875 1486.0206298828125 1487.060546875 1486.30859375 1492.820556640625 1491.444580078125 1491.2525634765625 1483.8126220703125 1479.5565185546875 1474.548583984375 1466.4525146484375 1461.780517578125 1451.54052734375 1438.2125244140625 1429.444580078125 1423.6685791015625 1419.20458984375 1417.6365966796875 1414.6605224609375 1413.092529296875 1413.0765380859375 1413.028564453125 1412.3565673828125 1411.7965087890625 1409.33251953125 1405.3165283203125 1404.404541015625 1402.1165771484375 1401.1566162109375
1472.3245849609375 1469.41259765625 1467.95654296875 1467.4925537109375 1468.0045166015625 1468.58056640625 1469.444580078125 1470.30859375 1473.060546875 1483.2525634765625 1486.2606201171875 1488.5006103515625 1478.6285400390625 1473.092529296875 1471.41259765625 1481.5245361328125 1483.1566162109375 1482.1165771484375 1479.6845703125 1488.9805908203125 1496.612548828125 1493.4605712890625 1484.4365234375 1478.16455078125 1474.0045166015625 1471.5565185546875 1467.236572265625 1462.484619140625 1446.3885498046875 1434.0045166015625 1426.0045166015625 1420.37255859375 1416.9326171875 1414.5965576171875 1413.3646240234375 1414.4525146484375 1414.2125244140625 1413.3966064453125 1412.3565673828125 1410.724609375 1417.444580078125 1416.2606201171875 1400.2926025390625 1397.12451171875
1474.4686279296875 1471.5245361328125 1469.988525390625 1469.62060546875 1469.3966064453125 1469.716552734375 1469.172607421875 1469.1566162109375 1465.3646240234375 1466.8045654296875 1475.7645263671875 1478.228515625 1479.988525390625 1487.3165283203125 1473.12451171875 1471.0445556640625 1490.2606201171875 1485.9085693359375 1480.7086181640625 1485.5245361328125 1482.8525390625 1481.2685546875 1482.4365234375 1476.0045166015625 1473.5565185546875 1471.508544921875 1467.572509765625 1459.7645263671875 1452.4205322265625 1440.676513671875 1429.7005615234375 1422.5325927734375 1419.7325439453125 1417.924560546875 1416.7406005859375 1416.9326171875 1416.99658203125 1416.78857421875 1416.484619140625 1411.12451171875 1409.572509765625 1417.4925537109375 1408.2125244140625 1392.58056640625
1476.0045166015625 1473.2525634765625 1471.3646240234375 1470.3245849609375 1469.8126220703125 1469.4925537109375 1468.5166015625 1467.4765625 1467.54052734375 1465.2205810546875 1467.7005615234375 1465.82861328125 1466.676513671875 1473.652587890625 1479.028564453125 1467.9725341796875 1467.12451171875 1474.58056640625 1494.4365234375 1484.5006103515625 1481.0445556640625 1496.6285400390625 1485.20458984375 1478.9326171875 1474.03662109375 1470.1485595703125 1462.2125244140625 1459.508544921875 1458.8045654296875 1447.6685791015625 1436.0045166015625 1428.4525146484375 1424.7086181640625 1421.8126220703125 1419.8765869140625 1419.95654296875 1419.028564453125 1418.4205322265625 1418.276611328125 1411.6845703125 1409.74853515625 1402.1005859375 1404.340576171875 1398.6285400390625
1477.380615234375 1475.1085205078125 1473.3646240234375 1472.0206298828125 1471.12451171875 1470.404541015625 1469.0765380859375 1468.1005859375 1467.380615234375 1468.2606201171875 1466.8365478515625 1467.6845703125 1464.7406005859375 1466.78857421875 1466.4686279296875 1475.780517578125 1470.5965576171875 1463.41259765625 1468.8045654296875 1492.0045166015625 1498.196533203125 1486.4525146484375 1478.3885498046875 1477.380615234375 1471.796630859375 1468.0045166015625 1457.8446044921875 1455.62060546875 1450.9005126953125 1450.2926025390625 1441.060546875 1435.0125732421875 1429.6046142578125 1427.140625 1418.58056640625 1418.16455078125 1419.236572265625 1418.4525146484375 1418.0045166015625 1413.6845703125 1410.2445068359375 1403.444580078125 1401.9405517578125 1403.092529296875
