docs/data/geopotentialHeight.asc
ncols        90
nrows        62
xllcorner    24.750000000000
yllcorner    8.250000000000
cellsize     0.500000000000
[rows 0 to 19 of 62, columns 0 to 43 of 90]
1504.068603515625 1499.2845458984375 1495.8765869140625 1492.1485595703125 1492.612548828125 1489.6685791015625 1490.8045654296875 1491.588623046875 1491.2525634765625 1492.1485595703125 1492.6605224609375 1493.3485107421875 1493.8765869140625 1494.340576171875 1494.3565673828125 1494.4205322265625 1493.6685791015625 1492.8525390625 1493.4925537109375 1491.716552734375 1491.172607421875 1489.95654296875 1489.2525634765625 1486.16455078125 1486.7725830078125 1484.0526123046875 1484.7725830078125 1483.1085205078125 1483.796630859375 1480.9486083984375 1482.404541015625 1479.33251953125 1484.692626953125 1486.7406005859375 1487.060546875 1489.028564453125 1488.9326171875 1490.884521484375 1497.1566162109375 1504.6605224609375 1505.8765869140625 1504.484619140625 1509.74853515625 1520.724609375
1502.276611328125 1497.092529296875 1493.2205810546875 1492.0526123046875 1494.03662109375 1492.24462890625 1492.1005859375 1492.5645751953125 1491.2525634765625 1492.58056640625 1493.060546875 1493.172607421875 1492.9326171875 1496.4205322265625 1493.988525390625 1494.1805419921875 1493.5565185546875 1492.6605224609375 1490.820556640625 1491.7325439453125 1490.4205322265625 1492.5965576171875 1487.12451171875 1484.484619140625 1482.64453125 1484.1005859375 1483.060546875 1483.028564453125 1482.340576171875 1480.676513671875 1480.2606201171875 1481.0765380859375 1484.404541015625 1483.1085205078125 1484.884521484375 1489.172607421875 1488.8365478515625 1488.276611328125 1493.060546875 1506.9326171875 1505.7325439453125 1505.7325439453125 1510.3245849609375 1515.7005615234375
1499.924560546875 1495.028564453125 1493.3485107421875 1492.8365478515625 1492.58056640625 1492.0206298828125 1491.236572265625 1490.7725830078125 1492.30859375 1490.4365234375 1491.796630859375 1490.5325927734375 1491.12451171875 1495.3646240234375 1493.508544921875 1493.860595703125 1492.228515625 1491.7005615234375 1491.0125732421875 1488.228515625 1490.484619140625 1485.572509765625 1481.444580078125 1479.3966064453125 1479.796630859375 1478.8365478515625 1477.0445556640625 1480.404541015625 1478.1005859375 1479.4605712890625 1480.9005126953125 1480.276611328125 1480.9166259765625 1481.6046142578125 1483.924560546875 1485.140625 1493.5726318359375 1496.9326171875 1496.964599609375 1503.1566162109375 1501.028564453125 1501.6845703125 1498.676513671875 1507.6046142578125
1498.16455078125 1495.1885986328125 1493.5565185546875 1493.0125732421875 1492.4205322265625 1491.236572265625 1492.884521484375 1491.3485107421875 1491.2845458984375 1490.884521484375 1492.404541015625 1489.0445556640625 1487.9725341796875 1493.652587890625 1493.5565185546875 1493.988525390625 1492.132568359375 1490.4365234375 1490.3245849609375 1489.8446044921875 1482.78857421875 1481.4765625 1479.924560546875 1478.9326171875 1478.37255859375 1475.988525390625 1476.0206298828125 1477.380615234375 1477.5245361328125 1479.95654296875 1480.1005859375 1478.9326171875 1479.4925537109375 1481.1566162109375 1482.692626953125 1483.0125732421875 1484.756591796875 1488.964599609375 1498.820556640625 1500.3245849609375 1499.7005615234375 1501.6365966796875 1497.8446044921875 1505.62060546875
1498.0206298828125 1494.5325927734375 1494.7725830078125 1493.4765625 1493.092529296875 1492.58056640625 1493.172607421875 1492.9166259765625 1490.9166259765625 1490.276611328125 1489.1566162109375 1487.7005615234375 1486.8365478515625 1486.1005859375 1492.276611328125 1494.2606201171875 1491.8765869140625 1488.2125244140625 1484.404541015625 1482.99658203125 1482.7406005859375 1481.300537109375 1480.612548828125 1476.6285400390625 1476.0045166015625 1474.756591796875 1475.140625 1476.7725830078125 1478.5965576171875 1479.0445556640625 1479.9085693359375 1480.3565673828125 1481.1566162109375 1481.74853515625 1481.9405517578125 1482.1005859375 1482.9166259765625 1481.9725341796875 1486.3245849609375 1488.64453125 1493.444580078125 1499.4925537109375 1498.0845947265625 1495.588623046875
1498.484619140625 1496.37255859375 1494.24462890625 1492.9805908203125 1492.8685302734375 1493.0445556640625 1492.340576171875 1489.54052734375 1487.7645263671875 1484.3885498046875 1487.652587890625 1489.1085205078125 1488.1005859375 1487.1566162109375 1486.16455078125 1485.0125732421875 1489.1085205078125 1488.7086181640625 1482.548583984375 1483.2685546875 1482.1805419921875 1481.1566162109375 1480.99658203125 1478.4686279296875 1476.30859375 1476.612548828125 1475.9405517578125 1478.1485595703125 1480.612548828125 1481.380615234375 1481.4925537109375 1481.3485107421875 1482.276611328125 1482.692626953125 1482.9005126953125 1483.0765380859375 1483.5245361328125 1483.140625 1482.820556640625 1485.0445556640625 1491.62060546875 1490.884521484375 1495.6845703125 1493.092529296875
1499.54052734375 1497.2685546875 1495.380615234375 1494.6605224609375 1494.756591796875 1495.3485107421875 1494.196533203125 1492.2125244140625 1489.796630859375 1489.4765625 1489.652587890625 1489.2205810546875 1488.820556640625 1487.8765869140625 1486.820556640625 1486.6605224609375 1486.9486083984375 1485.82861328125 1484.228515625 1483.508544921875 1482.8685302734375 1482.0845947265625 1481.7325439453125 1480.9005126953125 1480.7086181640625 1478.676513671875 1480.24462890625 1481.5565185546875 1482.58056640625 1483.1566162109375 1483.33251953125 1483.54052734375 1483.892578125 1484.276611328125 1484.99658203125 1485.2685546875 1485.1085205078125 1485.3165283203125 1484.64453125 1484.1005859375 1486.548583984375 1485.33251953125 1489.2845458984375 1491.3646240234375
1500.1165771484375 1497.7645263671875 1496.3565673828125 1495.860595703125 1496.484619140625 1496.58056640625 1495.892578125 1493.780517578125 1491.300537109375 1490.1165771484375 1489.988525390625 1489.6845703125 1489.060546875 1488.3245849609375 1487.4765625 1486.9166259765625 1486.2926025390625 1485.716552734375 1484.820556640625 1484.548583984375 1484.548583984375 1484.5645751953125 1485.028564453125 1484.484619140625 1482.5965576171875 1483.236572265625 1483.172607421875 1483.6685791015625 1484.340576171875 1483.9405517578125 1485.0765380859375 1485.140625 1485.716552734375 1486.03662109375 1486.5645751953125 1486.4686279296875 1486.0045166015625 1485.652587890625 1485.2845458984375 1484.9486083984375 1483.3966064453125 1485.4765625 1482.58056640625 1487.1085205078125
1499.82861328125 1497.2685546875 1497.300537109375 1498.64453125 1498.1485595703125 1498.5006103515625 1497.62060546875 1495.33251953125 1492.5965576171875 1491.1566162109375 1490.6285400390625 1489.9725341796875 1489.2205810546875 1488.37255859375 1487.4605712890625 1486.196533203125 1486.9805908203125 1486.4525146484375 1486.0206298828125 1485.892578125 1486.0526123046875 1486.5965576171875 1487.2525634765625 1484.0845947265625 1485.4925537109375 1485.95654296875 1484.964599609375 1485.2845458984375 1485.716552734375 1486.0845947265625 1486.820556640625 1486.9166259765625 1486.9326171875 1487.2205810546875 1487.4765625 1487.892578125 1487.444580078125 1486.676513671875 1485.95654296875 1485.5565185546875 1485.028564453125 1483.444580078125 1485.300537109375 1488.78857421875
1500.99658203125 1500.484619140625 1500.30859375 1500.30859375 1500.3245849609375 1500.0526123046875 1498.404541015625 1495.988525390625 1493.716552734375 1492.24462890625 1491.2685546875 1490.16455078125 1489.060546875 1488.132568359375 1487.3966064453125 1486.9805908203125 1486.404541015625 1485.860595703125 1486.0045166015625 1486.30859375 1486.9166259765625 1487.0125732421875 1489.6365966796875 1486.1805419921875 1486.64453125 1487.172607421875 1486.820556640625 1487.2685546875 1487.6365966796875 1487.5245361328125 1487.5565185546875 1487.1885986328125 1487.0445556640625 1486.99658203125 1487.860595703125 1488.196533203125 1487.892578125 1487.0765380859375 1486.1005859375 1484.484619140625 1483.1566162109375 1480.58056640625 1478.0045166015625 1486.0845947265625
1503.74853515625 1503.716552734375 1503.41259765625 1502.7406005859375 1502.1805419921875 1501.028564453125 1498.820556640625 1496.724609375 1494.4525146484375 1492.9326171875 1491.9085693359375 1490.4525146484375 1489.1566162109375 1488.4365234375 1487.780517578125 1486.692626953125 1485.5565185546875 1485.33251953125 1486.0845947265625 1487.3165283203125 1488.724609375 1490.8525390625 1483.4605712890625 1490.692626953125 1489.3966064453125 1488.30859375 1488.24462890625 1488.3565673828125 1487.988525390625 1488.0045166015625 1487.5245361328125 1487.028564453125 1487.0445556640625 1487.6046142578125 1488.1485595703125 1488.884521484375 1488.0526123046875 1487.6845703125 1486.548583984375 1484.8525390625 1483.380615234375 1481.95654296875 1480.3885498046875 1482.692626953125
1506.0206298828125 1505.6365966796875 1505.0445556640625 1504.1485595703125 1502.9326171875 1501.060546875 1498.78857421875 1496.548583984375 1494.2606201171875 1492.724609375 1491.6685791015625 1490.228515625 1488.9005126953125 1488.132568359375 1487.1885986328125 1485.716552734375 1484.612548828125 1484.58056640625 1485.2685546875 1486.6605224609375 1487.652587890625 1490.9166259765625 1486.276611328125 1489.33251953125 1488.78857421875 1489.6046142578125 1489.796630859375 1489.236572265625 1488.5166015625 1487.9085693359375 1487.060546875 1487.2845458984375 1487.892578125 1488.484619140625 1489.0125732421875 1488.99658203125 1488.276611328125 1487.2685546875 1486.3245849609375 1484.9805908203125 1482.884521484375 1480.6285400390625 1479.8765869140625 1474.4205322265625
1508.5965576171875 1507.7005615234375 1506.884521484375 1505.924560546875 1504.03662109375 1501.780517578125 1499.4285888671875 1496.9326171875 1494.7725830078125 1493.3165283203125 1492.1005859375 1490.7086181640625 1489.4285888671875 1488.3885498046875 1486.9486083984375 1485.2685546875 1484.5965576171875 1485.172607421875 1486.5325927734375 1488.16455078125 1490.8685302734375 1489.236572265625 1490.3245849609375 1491.5726318359375 1490.484619140625 1489.6845703125 1490.24462890625 1488.8045654296875 1487.796630859375 1487.2205810546875 1487.2845458984375 1488.0045166015625 1488.5006103515625 1489.4925537109375 1490.0845947265625 1489.2845458984375 1488.5166015625 1487.82861328125 1486.8525390625 1486.03662109375 1484.404541015625 1482.3565673828125 1480.484619140625 1477.444580078125
1510.4686279296875 1509.12451171875 1508.132568359375 1506.8685302734375 1504.64453125 1502.37255859375 1499.9085693359375 1497.2845458984375 1495.236572265625 1493.9085693359375 1492.548583984375 1490.99658203125 1489.6365966796875 1488.228515625 1486.58056640625 1485.4285888671875 1485.6845703125 1487.092529296875 1489.028564453125 1491.1566162109375 1493.300537109375 1492.99658203125 1491.12451171875 1493.140625 1490.2606201171875 1489.1885986328125 1489.7005615234375 1487.716552734375 1485.572509765625 1485.4765625 1487.7645263671875 1488.5325927734375 1487.95654296875 1488.8525390625 1488.5965576171875 1488.0845947265625 1488.0206298828125 1487.572509765625 1486.884521484375 1485.988525390625 1484.6285400390625 1481.8446044921875 1478.7086181640625 1475.41259765625
1511.5565185546875 1509.95654296875 1508.7725830078125 1507.1566162109375 1505.0765380859375 1502.8685302734375 1500.3245849609375 1497.716552734375 1495.780517578125 1494.4365234375 1492.9486083984375 1491.380615234375 1489.9085693359375 1488.404541015625 1487.2685546875 1487.092529296875 1488.2606201171875 1490.1165771484375 1492.340576171875 1493.9725341796875 1494.884521484375 1494.068603515625 1491.988525390625 1493.1085205078125 1493.12451171875 1491.3165283203125 1490.1165771484375 1487.860595703125 1484.7086181640625 1484.24462890625 1487.236572265625 1486.964599609375 1485.236572265625 1486.0526123046875 1486.5645751953125 1487.54052734375 1487.9725341796875 1488.2125244140625 1487.892578125 1487.20458984375 1485.8126220703125 1482.8685302734375 1479.33251953125 1475.780517578125
1511.9725341796875 1510.5645751953125 1508.8685302734375 1507.3485107421875 1505.4285888671875 1502.756591796875 1500.132568359375 1497.82861328125 1496.1005859375 1494.5965576171875 1492.964599609375 1491.444580078125 1490.0526123046875 1489.092529296875 1488.8365478515625 1489.5245361328125 1491.1566162109375 1492.8685302734375 1494.5965576171875 1494.2606201171875 1495.092529296875 1495.41259765625 1492.8525390625 1492.7406005859375 1493.172607421875 1492.6285400390625 1489.6046142578125 1487.2525634765625 1485.6046142578125 1484.884521484375 1485.5245361328125 1484.0845947265625 1482.692626953125 1483.140625 1484.9326171875 1487.2685546875 1487.924560546875 1488.1005859375 1487.8446044921875 1486.884521484375 1485.716552734375 1483.3485107421875 1479.54052734375 1475.236572265625
1512.4686279296875 1510.7725830078125 1508.99658203125 1506.9166259765625 1504.58056640625 1501.9725341796875 1499.924560546875 1497.652587890625 1495.9085693359375 1494.1485595703125 1492.24462890625 1490.8685302734375 1490.1485595703125 1490.30859375 1490.9805908203125 1492.1805419921875 1493.8446044921875 1494.9805908203125 1495.5726318359375 1494.7086181640625 1494.5645751953125 1494.0206298828125 1492.2926025390625 1493.652587890625 1493.62060546875 1491.780517578125 1489.2685546875 1485.780517578125 1485.3485107421875 1484.7725830078125 1483.780517578125 1482.7725830078125 1481.82861328125 1481.140625 1482.3885498046875 1484.676513671875 1486.724609375 1487.508544921875 1487.41259765625 1486.5006103515625 1485.2205810546875 1483.380615234375 1480.3565673828125 1476.1805419921875
1511.796630859375 1510.340576171875 1508.5965576171875 1506.548583984375 1504.3245849609375 1501.652587890625 1499.12451171875 1496.78857421875 1494.9005126953125 1492.6285400390625 1490.964599609375 1490.404541015625 1490.9486083984375 1491.9725341796875 1492.9805908203125 1494.3565673828125 1495.028564453125 1495.3646240234375 1494.9166259765625 1493.652587890625 1493.0445556640625 1492.9486083984375 1494.132568359375 1494.612548828125 1493.0125732421875 1491.2205810546875 1489.092529296875 1487.3165283203125 1486.5006103515625 1482.724609375 1481.588623046875 1481.3646240234375 1481.6046142578125 1481.4765625 1481.2525634765625 1482.884521484375 1486.228515625 1487.2845458984375 1487.380615234375 1486.8045654296875 1485.8446044921875 1484.0845947265625 1481.95654296875 1478.4686279296875
1510.9805908203125 1509.652587890625 1507.9405517578125 1505.74853515625 1503.3966064453125 1501.060546875 1498.5645751953125 1496.1005859375 1493.3485107421875 1491.2205810546875 1490.676513671875 1491.33251953125 1492.0845947265625 1493.4925537109375 1494.4686279296875 1494.5325927734375 1495.444580078125 1495.4605712890625 1494.16455078125 1493.41259765625 1493.1566162109375 1495.588623046875 1494.724609375 1493.508544921875 1492.548583984375 1490.9005126953125 1489.4285888671875 1487.5245361328125 1486.548583984375 1485.2525634765625 1484.03662109375 1482.676513671875 1481.780517578125 1480.3885498046875 1480.5965576171875 1482.9805908203125 1485.62060546875 1486.6285400390625 1486.64453125 1486.16455078125 1485.2845458984375 1483.8765869140625 1481.988525390625 1479.2685546875
1509.5565185546875 1508.1485595703125 1506.692626953125 1505.2845458984375 1502.5965576171875 1500.4365234375 1498.3565673828125 1495.62060546875 1493.20458984375 1492.132568359375 1492.3245849609375 1493.0125732421875 1494.0206298828125 1494.8365478515625 1494.8365478515625 1494.24462890625 1494.8685302734375 1494.068603515625 1493.6365966796875 1493.236572265625 1494.340576171875 1493.172607421875 1492.9486083984375 1489.5565185546875 1488.676513671875 1487.140625 1486.9805908203125 1487.1085205078125 1486.78857421875 1486.1005859375 1484.0845947265625 1481.9725341796875 1480.3245849609375 1480.0526123046875 1480.5006103515625 1483.2525634765625 1486.24462890625 1486.676513671875 1486.612548828125 1485.860595703125 1484.9486083984375 1483.5245361328125 1481.780517578125 1479.54052734375
