docs/data/geopotentialHeight.asc
ncols        90
nrows        62
xllcorner    24.750000000000
yllcorner    8.250000000000
cellsize     0.500000000000
[rows 20 to 39 of 62, columns 0 to 43 of 90]
1509.0125732421875 1507.796630859375 1506.2926025390625 1504.99658203125 1502.7725830078125 1500.24462890625 1498.068603515625 1496.276611328125 1495.236572265625 1494.724609375 1494.3565673828125 1494.2125244140625 1495.0125732421875 1495.6365966796875 1495.1885986328125 1493.780517578125 1493.6365966796875 1492.1485595703125 1493.6046142578125 1491.300537109375 1491.236572265625 1492.756591796875 1492.404541015625 1490.2606201171875 1486.1805419921875 1482.5965576171875 1482.8685302734375 1484.0845947265625 1486.1165771484375 1486.1165771484375 1484.6605224609375 1482.724609375 1481.3485107421875 1480.58056640625 1481.2205810546875 1484.0206298828125 1486.24462890625 1486.5325927734375 1486.1805419921875 1485.4285888671875 1484.0845947265625 1482.3885498046875 1480.4686279296875 1478.9805908203125
1508.964599609375 1507.780517578125 1506.3565673828125 1505.0125732421875 1503.3966064453125 1501.3485107421875 1499.6365966796875 1498.1485595703125 1497.2845458984375 1496.5965576171875 1496.30859375 1496.1485595703125 1496.5006103515625 1495.95654296875 1495.2205810546875 1494.2926025390625 1493.988525390625 1493.716552734375 1490.820556640625 1490.99658203125 1491.8765869140625 1491.988525390625 1491.3646240234375 1489.444580078125 1489.12451171875 1484.58056640625 1480.676513671875 1482.5166015625 1485.1885986328125 1486.132568359375 1485.860595703125 1484.0845947265625 1482.30859375 1482.24462890625 1483.8126220703125 1485.3165283203125 1485.7325439453125 1486.1165771484375 1485.6365966796875 1484.7086181640625 1483.0765380859375 1480.9166259765625 1478.8525390625 1477.6365966796875
1509.8765869140625 1508.0845947265625 1506.1805419921875 1504.8685302734375 1503.8126220703125 1502.4365234375 1501.0125732421875 1499.62060546875 1498.9005126953125 1498.3565673828125 1498.1005859375 1497.6845703125 1497.6365966796875 1496.78857421875 1496.404541015625 1495.1085205078125 1493.172607421875 1492.4365234375 1492.5166015625 1492.9005126953125 1491.444580078125 1491.0445556640625 1491.2845458984375 1490.0845947265625 1487.892578125 1484.7725830078125 1480.2125244140625 1479.572509765625 1482.2606201171875 1484.8045654296875 1486.068603515625 1485.6845703125 1484.7725830078125 1484.132568359375 1485.060546875 1485.300537109375 1485.6845703125 1486.0045166015625 1485.2205810546875 1483.892578125 1481.7325439453125 1479.1085205078125 1477.172607421875 1475.9725341796875
1510.612548828125 1508.1485595703125 1506.6605224609375 1504.9805908203125 1504.2926025390625 1503.12451171875 1501.172607421875 1500.4525146484375 1500.1805419921875 1499.796630859375 1499.2685546875 1498.884521484375 1498.612548828125 1497.33251953125 1496.7725830078125 1495.4285888671875 1495.0125732421875 1494.2606201171875 1493.716552734375 1493.4285888671875 1491.892578125 1491.1566162109375 1489.82861328125 1491.0445556640625 1485.444580078125 1484.7406005859375 1481.1566162109375 1479.9725341796875 1481.4605712890625 1483.3966064453125 1485.3966064453125 1486.2125244140625 1486.196533203125 1484.9005126953125 1485.3165283203125 1485.20458984375 1485.444580078125 1484.8525390625 1483.988525390625 1482.6285400390625 1479.892578125 1477.4285888671875 1476.0206298828125 1474.196533203125
1511.0765380859375 1509.0765380859375 1507.0445556640625 1505.82861328125 1505.12451171875 1503.236572265625 1501.7325439453125 1501.2205810546875 1501.028564453125 1500.6605224609375 1500.228515625 1499.5245361328125 1498.548583984375 1497.74853515625 1496.8525390625 1496.3565673828125 1495.8446044921875 1494.0526123046875 1494.068603515625 1493.4765625 1491.860595703125 1490.7406005859375 1489.54052734375 1488.5166015625 1487.6845703125 1485.236572265625 1485.2845458984375 1484.228515625 1483.444580078125 1484.5645751953125 1484.8525390625 1485.12451171875 1485.0445556640625 1484.8685302734375 1484.78857421875 1484.548583984375 1484.1485595703125 1483.4765625 1482.3885498046875 1480.4205322265625 1477.860595703125 1475.74853515625 1474.0526123046875 1472.1005859375
1511.7005615234375 1510.0845947265625 1508.548583984375 1507.092529296875 1505.5565185546875 1503.716552734375 1502.78857421875 1502.2926025390625 1502.068603515625 1501.3966064453125 1500.820556640625 1500.0045166015625 1499.12451171875 1497.3485107421875 1497.9725341796875 1497.172607421875 1496.1165771484375 1495.508544921875 1495.1566162109375 1495.0765380859375 1493.652587890625 1492.5166015625 1491.652587890625 1489.6046142578125 1489.8765869140625 1486.58056640625 1486.0206298828125 1486.484619140625 1485.54052734375 1486.4525146484375 1486.4686279296875 1485.300537109375 1484.2606201171875 1484.2606201171875 1484.1485595703125 1482.676513671875 1482.4686279296875 1481.7325439453125 1480.724609375 1478.58056640625 1475.924560546875 1473.892578125 1471.95654296875 1469.892578125
1511.12451171875 1509.6845703125 1508.4365234375 1507.0765380859375 1505.588623046875 1504.2926025390625 1504.0845947265625 1502.9005126953125 1501.8765869140625 1501.7325439453125 1501.12451171875 1500.132568359375 1499.236572265625 1498.64453125 1497.796630859375 1497.508544921875 1497.3966064453125 1497.20458984375 1496.16455078125 1495.9725341796875 1495.74853515625 1494.820556640625 1493.060546875 1491.7325439453125 1489.988525390625 1489.3485107421875 1487.62060546875 1487.20458984375 1486.24462890625 1486.5645751953125 1484.9805908203125 1483.2205810546875 1483.41259765625 1483.3646240234375 1482.340576171875 1481.300537109375 1480.3885498046875 1479.74853515625 1478.9486083984375 1476.9166259765625 1473.4925537109375 1472.1005859375 1469.3485107421875 1466.8685302734375
1511.028564453125 1509.892578125 1508.5325927734375 1507.20458984375 1506.3565673828125 1505.74853515625 1504.484619140625 1503.6046142578125 1502.8525390625 1502.6285400390625 1501.028564453125 1500.16455078125 1499.860595703125 1498.9486083984375 1499.0445556640625 1498.4686279296875 1497.780517578125 1498.0845947265625 1497.860595703125 1497.12451171875 1497.74853515625 1497.1566162109375 1495.172607421875 1493.33251953125 1492.1005859375 1490.1165771484375 1489.380615234375 1488.8685302734375 1486.1165771484375 1486.16455078125 1483.588623046875 1482.6285400390625 1482.4686279296875 1482.4525146484375 1480.4525146484375 1479.7005615234375 1479.3165283203125 1477.988525390625 1477.2845458984375 1475.8446044921875 1472.9326171875 1469.444580078125 1467.6365966796875 1464.5645751953125
1511.444580078125 1510.0845947265625 1508.8685302734375 1507.5726318359375 1506.8365478515625 1506.068603515625 1504.756591796875 1503.9085693359375 1503.3966064453125 1502.9326171875 1502.6605224609375 1500.9486083984375 1501.0445556640625 1500.228515625 1500.196533203125 1499.41259765625 1498.9326171875 1498.8365478515625 1498.9166259765625 1499.3646240234375 1499.74853515625 1498.9486083984375 1497.0765380859375 1495.41259765625 1493.6365966796875 1492.9326171875 1490.676513671875 1488.6285400390625 1488.8365478515625 1485.572509765625 1483.028564453125 1482.2926025390625 1481.028564453125 1481.028564453125 1479.4605712890625 1478.3245849609375 1477.924560546875 1476.548583984375 1475.4605712890625 1473.7645263671875 1471.444580078125 1468.756591796875 1465.988525390625 1464.5166015625
1510.884521484375 1509.3165283203125 1508.58056640625 1508.03662109375 1507.2845458984375 1505.95654296875 1505.028564453125 1504.404541015625 1503.8126220703125 1503.300537109375 1503.12451171875 1502.1805419921875 1501.7005615234375 1501.300537109375 1501.4285888671875 1501.0445556640625 1500.068603515625 1499.508544921875 1499.652587890625 1500.884521484375 1501.028564453125 1500.4365234375 1498.64453125 1496.8525390625 1494.78857421875 1492.37255859375 1491.7325439453125 1490.64453125 1487.924560546875 1483.924560546875 1480.9326171875 1480.0526123046875 1479.4925537109375 1478.9805908203125 1477.95654296875 1475.9085693359375 1474.78857421875 1473.4285888671875 1473.236572265625 1472.30859375 1470.8525390625 1468.3245849609375 1466.5325927734375 1464.5006103515625
1510.612548828125 1508.8525390625 1508.692626953125 1508.132568359375 1506.8685302734375 1506.132568359375 1505.300537109375 1504.9326171875 1504.692626953125 1504.24462890625 1503.860595703125 1503.20458984375 1502.64453125 1502.4365234375 1502.404541015625 1501.6365966796875 1500.8365478515625 1500.0845947265625 1500.2125244140625 1500.9005126953125 1501.652587890625 1501.2845458984375 1500.0845947265625 1498.0845947265625 1495.8765869140625 1493.33251953125 1490.8525390625 1489.300537109375 1489.924560546875 1485.6046142578125 1482.3565673828125 1480.0206298828125 1479.74853515625 1479.172607421875 1477.2525634765625 1475.20458984375 1473.508544921875 1471.236572265625 1471.33251953125 1470.484619140625 1469.82861328125 1468.6605224609375 1466.5006103515625 1465.12451171875
1510.24462890625 1508.2926025390625 1508.1005859375 1507.0765380859375 1506.1005859375 1505.5245361328125 1505.4925537109375 1505.508544921875 1505.508544921875 1505.172607421875 1504.612548828125 1504.1165771484375 1503.74853515625 1503.4285888671875 1503.3646240234375 1502.4365234375 1501.6046142578125 1501.028564453125 1500.64453125 1501.140625 1501.716552734375 1501.3646240234375 1500.24462890625 1498.884521484375 1496.756591796875 1494.4205322265625 1491.892578125 1489.8126220703125 1488.58056640625 1487.95654296875 1483.4285888671875 1480.0845947265625 1479.924560546875 1479.4925537109375 1476.820556640625 1474.4525146484375 1473.3485107421875 1471.140625 1470.276611328125 1469.6046142578125 1469.4285888671875 1468.1165771484375 1466.756591796875 1465.9405517578125
1509.41259765625 1508.5965576171875 1507.5565185546875 1506.548583984375 1506.1165771484375 1505.8126220703125 1506.228515625 1506.24462890625 1506.0845947265625 1505.9725341796875 1505.4765625 1505.300537109375 1504.8685302734375 1504.484619140625 1504.132568359375 1503.2205810546875 1502.78857421875 1502.2926025390625 1501.4765625 1501.9405517578125 1502.276611328125 1501.8126220703125 1500.884521484375 1500.132568359375 1498.5645751953125 1496.4525146484375 1493.8765869140625 1491.3165283203125 1489.2525634765625 1488.8045654296875 1487.8765869140625 1481.300537109375 1480.58056640625 1479.3966064453125 1478.7086181640625 1474.1805419921875 1471.716552734375 1470.612548828125 1469.3165283203125 1469.3165283203125 1468.6285400390625 1467.028564453125 1466.4365234375 1465.172607421875
1508.0845947265625 1507.2685546875 1507.20458984375 1506.58056640625 1506.0045166015625 1506.548583984375 1506.3565673828125 1506.4365234375 1506.4365234375 1506.340576171875 1506.1485595703125 1505.74853515625 1505.3485107421875 1504.756591796875 1504.1805419921875 1503.8765869140625 1503.3646240234375 1503.092529296875 1502.724609375 1502.5645751953125 1502.340576171875 1502.3885498046875 1501.588623046875 1501.0125732421875 1499.82861328125 1497.6046142578125 1495.4285888671875 1492.964599609375 1490.9166259765625 1490.5006103515625 1488.4365234375 1482.132568359375 1481.508544921875 1479.7005615234375 1480.0206298828125 1476.4686279296875 1472.820556640625 1470.5325927734375 1469.5245361328125 1468.99658203125 1467.8446044921875 1466.8525390625 1466.64453125 1466.78857421875
1507.588623046875 1507.2845458984375 1506.9805908203125 1506.676513671875 1506.5006103515625 1506.58056640625 1506.8365478515625 1506.9326171875 1506.8685302734375 1506.692626953125 1506.404541015625 1506.068603515625 1505.5726318359375 1505.2685546875 1505.060546875 1504.6605224609375 1504.7725830078125 1504.196533203125 1503.62060546875 1503.380615234375 1503.172607421875 1502.0206298828125 1502.4525146484375 1501.6845703125 1500.3565673828125 1499.1085205078125 1497.172607421875 1494.9326171875 1493.0765380859375 1491.796630859375 1491.3646240234375 1484.03662109375 1482.5166015625 1480.820556640625 1479.2525634765625 1476.9005126953125 1474.8525390625 1472.5645751953125 1469.7645263671875 1468.5965576171875 1467.4925537109375 1467.444580078125 1467.9085693359375 1468.5965576171875
1507.2845458984375 1506.8685302734375 1507.0445556640625 1507.4285888671875 1507.092529296875 1506.58056640625 1506.7406005859375 1506.820556640625 1506.884521484375 1507.0765380859375 1506.9005126953125 1506.2926025390625 1506.30859375 1506.228515625 1506.1005859375 1505.2525634765625 1504.6605224609375 1504.6605224609375 1504.37255859375 1503.7005615234375 1501.796630859375 1502.4525146484375 1502.484619140625 1501.6046142578125 1500.1165771484375 1500.276611328125 1498.9005126953125 1496.228515625 1494.6285400390625 1493.988525390625 1494.5965576171875 1486.756591796875 1483.3966064453125 1481.892578125 1480.5166015625 1476.2926025390625 1475.8446044921875 1474.37255859375 1470.5645751953125 1468.2125244140625 1467.988525390625 1468.612548828125 1469.74853515625 1469.652587890625
1507.6685791015625 1507.0445556640625 1506.820556640625 1506.8525390625 1507.1566162109375 1506.8525390625 1506.7086181640625 1506.7725830078125 1506.99658203125 1507.508544921875 1507.380615234375 1507.20458984375 1507.2205810546875 1507.236572265625 1507.4605712890625 1506.3245849609375 1505.0765380859375 1504.4686279296875 1504.5325927734375 1503.652587890625 1501.5726318359375 1501.95654296875 1502.1805419921875 1500.884521484375 1500.3245849609375 1500.3885498046875 1499.924560546875 1498.068603515625 1496.3565673828125 1495.1566162109375 1496.3245849609375 1493.3165283203125 1484.676513671875 1482.6285400390625 1480.6285400390625 1476.6285400390625 1476.8365478515625 1474.196533203125 1470.484619140625 1469.3646240234375 1469.6046142578125 1469.9725341796875 1470.5325927734375 1470.8365478515625
1507.5565185546875 1506.724609375 1506.2606201171875 1506.1485595703125 1506.30859375 1506.676513671875 1506.6605224609375 1507.172607421875 1507.1085205078125 1507.5726318359375 1507.3165283203125 1507.2685546875 1507.444580078125 1507.444580078125 1507.0445556640625 1506.0045166015625 1504.99658203125 1504.0526123046875 1503.4925537109375 1502.756591796875 1500.5006103515625 1500.2926025390625 1501.892578125 1501.1085205078125 1500.9166259765625 1500.724609375 1500.4525146484375 1499.4605712890625 1497.716552734375 1495.8446044921875 1495.20458984375 1495.7645263671875 1494.2125244140625 1482.9005126953125 1480.8685302734375 1479.2845458984375 1478.228515625 1475.5565185546875 1472.0526123046875 1470.5325927734375 1470.8045654296875 1471.1566162109375 1471.1085205078125 1471.5245361328125
1507.41259765625 1507.300537109375 1506.8525390625 1506.5325927734375 1506.64453125 1506.9166259765625 1507.54052734375 1507.54052734375 1507.924560546875 1507.5245361328125 1507.4925537109375 1507.3485107421875 1507.2685546875 1507.172607421875 1506.9486083984375 1506.30859375 1505.4765625 1504.16455078125 1503.0445556640625 1502.2926025390625 1500.8685302734375 1500.676513671875 1501.6685791015625 1502.9486083984375 1502.132568359375 1501.2205810546875 1500.4686279296875 1500.4686279296875 1499.4285888671875 1497.4605712890625 1496.4525146484375 1496.612548828125 1498.0045166015625 1496.7406005859375 1481.7005615234375 1479.8446044921875 1478.7406005859375 1476.78857421875 1474.884521484375 1471.3646240234375 1470.884521484375 1471.95654296875 1471.060546875 1472.0045166015625
1507.716552734375 1507.2845458984375 1506.6285400390625 1506.24462890625 1506.612548828125 1507.74853515625 1508.4525146484375 1508.4686279296875 1507.33251953125 1507.2685546875 1506.9166259765625 1506.548583984375 1506.5965576171875 1507.0125732421875 1506.7725830078125 1505.8446044921875 1505.3646240234375 1504.58056640625 1504.1005859375 1504.03662109375 1503.8765869140625 1503.41259765625 1503.9725341796875 1503.0125732421875 1500.548583984375 1501.5245361328125 1500.4525146484375 1499.8765869140625 1499.4605712890625 1498.5965576171875 1498.0526123046875 1497.780517578125 1496.78857421875 1495.54052734375 1495.4285888671875 1477.300537109375 1477.572509765625 1476.820556640625 1474.7086181640625 1472.068603515625 1472.4525146484375 1472.340576171875 1471.33251953125 1472.5325927734375
