docs/data/geopotentialHeight.asc
ncols        90
nrows        62
xllcorner    24.750000000000
yllcorner    8.250000000000
cellsize     0.500000000000
[rows 40 to 59 of 62, columns 44 to 87 of 90]
1472.03662109375 1471.4765625 1471.172607421875 1471.2205810546875 1471.1566162109375 1471.028564453125 1470.78857421875 1470.884521484375 1470.820556640625 1470.724609375 1470.8045654296875 1470.9805908203125 1471.172607421875 1471.62060546875 1472.16455078125 1472.58056640625 1472.9805908203125 1473.3485107421875 1473.796630859375 1473.380615234375 1472.8045654296875 1473.1085205078125 1473.1566162109375 1473.20458984375 1473.236572265625 1473.12451171875 1473.380615234375 1473.988525390625 1474.1005859375 1474.2926025390625 1474.5166015625 1474.964599609375 1475.6046142578125 1476.03662109375 1476.4686279296875 1476.9005126953125 1476.9166259765625 1476.2125244140625 1476.16455078125 1476.8365478515625 1477.2685546875 1477.4285888671875 1477.4925537109375 1477.7325439453125
1470.9166259765625 1470.724609375 1470.4365234375 1470.6285400390625 1470.6605224609375 1470.548583984375 1471.028564453125 1471.140625 1471.300537109375 1471.3646240234375 1471.780517578125 1472.5166015625 1472.3245849609375 1472.1485595703125 1471.924560546875 1471.7645263671875 1472.0526123046875 1472.692626953125 1472.820556640625 1472.612548828125 1472.340576171875 1473.1085205078125 1474.1485595703125 1475.20458984375 1476.276611328125 1476.676513671875 1476.548583984375 1477.9405517578125 1478.9166259765625 1478.8685302734375 1479.4605712890625 1480.228515625 1480.6605224609375 1480.8045654296875 1480.99658203125 1481.2685546875 1481.140625 1480.724609375 1480.8685302734375 1481.1885986328125 1481.6845703125 1482.132568359375 1482.1485595703125 1482.196533203125
1470.58056640625 1470.37255859375 1470.16455078125 1470.4205322265625 1470.64453125 1471.20458984375 1471.588623046875 1471.572509765625 1471.95654296875 1472.5166015625 1473.1566162109375 1473.7325439453125 1473.3646240234375 1472.484619140625 1471.6365966796875 1471.62060546875 1471.95654296875 1471.716552734375 1471.3646240234375 1471.7645263671875 1472.676513671875 1474.5645751953125 1476.2125244140625 1477.652587890625 1479.33251953125 1480.4365234375 1479.988525390625 1479.95654296875 1482.6285400390625 1483.95654296875 1484.37255859375 1485.060546875 1485.3966064453125 1485.20458984375 1485.33251953125 1485.4285888671875 1485.1566162109375 1485.060546875 1485.1566162109375 1485.1566162109375 1485.716552734375 1486.37255859375 1486.692626953125 1486.196533203125
1470.404541015625 1470.0845947265625 1469.9085693359375 1469.9405517578125 1469.9725341796875 1470.4686279296875 1472.1485595703125 1472.8045654296875 1472.2125244140625 1472.756591796875 1473.2525634765625 1474.340576171875 1474.0206298828125 1472.7406005859375 1471.1885986328125 1470.8045654296875 1470.276611328125 1472.6285400390625 1473.6845703125 1475.33251953125 1477.0125732421875 1478.99658203125 1480.132568359375 1481.236572265625 1482.6605224609375 1483.8126220703125 1484.340576171875 1484.0845947265625 1484.7725830078125 1486.7086181640625 1488.1805419921875 1488.676513671875 1489.12451171875 1489.4925537109375 1489.74853515625 1489.7325439453125 1489.20458984375 1489.2205810546875 1489.20458984375 1488.9326171875 1489.172607421875 1489.9405517578125 1490.4205322265625 1490.1805419921875
1469.780517578125 1469.8446044921875 1470.1805419921875 1470.1005859375 1470.37255859375 1471.2685546875 1472.964599609375 1474.99658203125 1475.3165283203125 1475.6365966796875 1476.0206298828125 1474.5645751953125 1472.9005126953125 1474.884521484375 1479.2845458984375 1481.7325439453125 1477.780517578125 1474.4686279296875 1476.1485595703125 1477.8765869140625 1480.2606201171875 1482.7406005859375 1484.068603515625 1485.092529296875 1486.30859375 1487.62060546875 1488.5006103515625 1489.0765380859375 1489.6365966796875 1490.196533203125 1491.0445556640625 1491.74853515625 1492.0526123046875 1492.2606201171875 1492.7725830078125 1493.12451171875 1493.0125732421875 1493.172607421875 1493.508544921875 1493.3165283203125 1493.4605712890625 1493.3485107421875 1493.3485107421875 1492.964599609375
1471.62060546875 1470.0845947265625 1470.5325927734375 1472.16455078125 1474.612548828125 1477.3646240234375 1478.5166015625 1479.3966064453125 1479.2205810546875 1477.9725341796875 1479.95654296875 1483.20458984375 1484.2125244140625 1481.7005615234375 1483.4605712890625 1485.2205810546875 1484.228515625 1482.7406005859375 1482.16455078125 1482.6605224609375 1484.340576171875 1486.7086181640625 1488.3565673828125 1489.3966064453125 1490.340576171875 1491.3165283203125 1492.196533203125 1492.8045654296875 1493.4605712890625 1494.0526123046875 1494.5325927734375 1495.060546875 1495.3966064453125 1495.4925537109375 1495.6365966796875 1495.95654296875 1496.2125244140625 1496.5006103515625 1497.1885986328125 1497.2205810546875 1497.4605712890625 1496.9326171875 1496.5006103515625 1496.0045166015625
1475.82861328125 1476.0845947265625 1475.6685791015625 1476.676513671875 1478.1005859375 1479.8446044921875 1480.484619140625 1481.028564453125 1481.6046142578125 1482.37255859375 1481.3646240234375 1483.780517578125 1486.692626953125 1487.9725341796875 1488.7406005859375 1489.4605712890625 1489.6046142578125 1489.140625 1488.724609375 1488.548583984375 1489.140625 1490.676513671875 1492.0206298828125 1492.9005126953125 1493.796630859375 1494.64453125 1495.33251953125 1496.03662109375 1496.724609375 1497.2525634765625 1497.74853515625 1498.24462890625 1498.6285400390625 1498.78857421875 1498.9326171875 1499.172607421875 1499.5245361328125 1499.9085693359375 1500.228515625 1500.756591796875 1500.7725830078125 1500.4525146484375 1500.0845947265625 1499.7005615234375
1476.03662109375 1476.5965576171875 1477.0765380859375 1478.16455078125 1478.0845947265625 1477.4765625 1479.2845458984375 1482.3245849609375 1483.5565185546875 1484.1165771484375 1486.132568359375 1487.236572265625 1489.5245361328125 1491.5245361328125 1492.676513671875 1493.092529296875 1493.1885986328125 1493.300537109375 1493.2845458984375 1493.1085205078125 1493.12451171875 1493.6046142578125 1494.5006103515625 1495.4605712890625 1496.484619140625 1497.4285888671875 1498.1485595703125 1498.884521484375 1499.652587890625 1500.2926025390625 1500.884521484375 1501.444580078125 1501.9085693359375 1502.2125244140625 1502.3885498046875 1502.6285400390625 1502.9486083984375 1503.2845458984375 1503.508544921875 1503.892578125 1504.276611328125 1504.0526123046875 1503.444580078125 1503.1566162109375
1477.62060546875 1483.2525634765625 1483.1885986328125 1478.5006103515625 1482.5645751953125 1489.8126220703125 1491.7325439453125 1489.9085693359375 1489.3165283203125 1489.54052734375 1490.756591796875 1491.716552734375 1492.9486083984375 1494.340576171875 1495.380615234375 1495.8446044921875 1495.9085693359375 1496.0206298828125 1496.16455078125 1496.228515625 1496.1805419921875 1496.3565673828125 1496.9326171875 1497.716552734375 1498.7725830078125 1499.8446044921875 1500.7086181640625 1501.4765625 1502.2125244140625 1503.0125732421875 1503.780517578125 1504.3885498046875 1504.9166259765625 1505.4285888671875 1505.8446044921875 1506.1805419921875 1506.340576171875 1506.5006103515625 1506.6605224609375 1506.8525390625 1507.0445556640625 1506.9486083984375 1506.5645751953125 1506.3245849609375
1487.3485107421875 1490.548583984375 1491.8126220703125 1494.3565673828125 1486.8525390625 1491.300537109375 1494.9166259765625 1494.820556640625 1494.7406005859375 1494.3885498046875 1494.5325927734375 1495.12451171875 1495.8446044921875 1496.9805908203125 1498.0045166015625 1498.2926025390625 1498.2606201171875 1498.2125244140625 1498.2606201171875 1498.3885498046875 1498.7086181640625 1499.2845458984375 1499.9085693359375 1500.5965576171875 1501.41259765625 1502.30859375 1503.12451171875 1503.95654296875 1504.756591796875 1505.5565185546875 1506.3245849609375 1507.0125732421875 1507.588623046875 1508.196533203125 1508.756591796875 1509.12451171875 1509.1885986328125 1509.172607421875 1509.236572265625 1509.300537109375 1509.300537109375 1509.1085205078125 1508.8525390625 1508.8045654296875
1496.3565673828125 1495.33251953125 1494.9805908203125 1495.092529296875 1493.3165283203125 1493.7005615234375 1495.2845458984375 1496.7086181640625 1497.1885986328125 1496.9005126953125 1497.236572265625 1497.5565185546875 1498.1485595703125 1499.2205810546875 1500.1805419921875 1500.4365234375 1500.340576171875 1500.612548828125 1501.092529296875 1501.20458984375 1501.3646240234375 1501.9405517578125 1502.692626953125 1503.4605712890625 1504.2125244140625 1504.9486083984375 1505.7645263671875 1506.612548828125 1507.444580078125 1508.2125244140625 1508.8045654296875 1509.3646240234375 1509.892578125 1510.5325927734375 1511.1566162109375 1511.588623046875 1511.6845703125 1511.5245361328125 1511.3966064453125 1511.444580078125 1511.4605712890625 1511.236572265625 1510.99658203125 1510.9486083984375
1496.64453125 1496.5645751953125 1496.9005126953125 1497.0445556640625 1496.756591796875 1496.228515625 1497.4605712890625 1498.884521484375 1498.7086181640625 1498.5965576171875 1498.9486083984375 1499.380615234375 1499.924560546875 1500.484619140625 1501.2845458984375 1501.892578125 1502.4365234375 1503.2205810546875 1503.6685791015625 1503.796630859375 1504.0206298828125 1504.4686279296875 1505.0765380859375 1505.860595703125 1506.548583984375 1507.2205810546875 1508.0206298828125 1508.7725830078125 1509.54052734375 1510.340576171875 1510.8525390625 1511.2205810546875 1511.716552734375 1512.340576171875 1512.8365478515625 1513.2685546875 1513.54052734375 1513.4285888671875 1513.140625 1513.0445556640625 1513.060546875 1513.028564453125 1512.884521484375 1512.7086181640625
1496.548583984375 1497.9725341796875 1498.9166259765625 1498.8685302734375 1498.8685302734375 1498.404541015625 1499.588623046875 1500.4525146484375 1500.1005859375 1500.276611328125 1500.24462890625 1500.9486083984375 1501.6685791015625 1501.95654296875 1502.24462890625 1503.9405517578125 1504.8525390625 1505.3966064453125 1505.7645263671875 1506.228515625 1506.8685302734375 1507.62060546875 1508.1805419921875 1508.6605224609375 1509.172607421875 1509.82861328125 1510.404541015625 1510.99658203125 1511.7325439453125 1512.3565673828125 1512.612548828125 1512.964599609375 1513.5565185546875 1514.068603515625 1514.404541015625 1514.724609375 1514.8685302734375 1514.8045654296875 1514.692626953125 1514.612548828125 1514.5645751953125 1514.4205322265625 1514.2606201171875 1514.16455078125
1497.1566162109375 1499.2685546875 1499.924560546875 1499.988525390625 1499.8446044921875 1499.9725341796875 1501.1566162109375 1501.172607421875 1501.0765380859375 1501.2845458984375 1501.5565185546875 1502.24462890625 1503.7325439453125 1505.6845703125 1507.6685791015625 1504.03662109375 1506.0206298828125 1507.300537109375 1508.3565673828125 1509.2845458984375 1510.0206298828125 1510.8685302734375 1511.508544921875 1511.716552734375 1512.03662109375 1512.6605224609375 1513.1885986328125 1513.7005615234375 1514.3245849609375 1514.5965576171875 1514.724609375 1515.140625 1515.588623046875 1515.82861328125 1516.132568359375 1516.37255859375 1516.404541015625 1516.3565673828125 1516.3245849609375 1516.30859375 1516.2606201171875 1516.0526123046875 1515.892578125 1515.716552734375
1497.0445556640625 1499.508544921875 1500.0206298828125 1500.884521484375 1500.548583984375 1500.6605224609375 1501.1085205078125 1501.3646240234375 1502.58056640625 1502.0845947265625 1502.1805419921875 1502.99658203125 1504.8045654296875 1507.6365966796875 1510.1805419921875 1510.2606201171875 1510.30859375 1510.9005126953125 1511.716552734375 1512.5325927734375 1513.092529296875 1513.652587890625 1514.228515625 1514.5325927734375 1514.7725830078125 1515.20458984375 1515.7325439453125 1516.1485595703125 1516.5006103515625 1516.612548828125 1516.756591796875 1516.9805908203125 1517.1085205078125 1517.20458984375 1517.4765625 1517.6845703125 1517.7645263671875 1517.796630859375 1517.6845703125 1517.444580078125 1517.2205810546875 1517.0125732421875 1516.8525390625 1516.6285400390625
1498.964599609375 1499.95654296875 1500.37255859375 1501.62060546875 1501.6685791015625 1500.9166259765625 1500.884521484375 1503.060546875 1504.3565673828125 1502.692626953125 1503.300537109375 1505.060546875 1507.4765625 1509.4285888671875 1510.8365478515625 1512.03662109375 1513.0125732421875 1513.8446044921875 1514.676513671875 1515.4765625 1516.0206298828125 1516.2926025390625 1516.78857421875 1517.20458984375 1517.5245361328125 1517.82861328125 1518.340576171875 1518.5965576171875 1518.676513671875 1518.6285400390625 1518.548583984375 1518.5006103515625 1518.4525146484375 1518.58056640625 1518.820556640625 1518.99658203125 1519.172607421875 1519.2205810546875 1519.028564453125 1518.612548828125 1518.2125244140625 1517.9085693359375 1517.7325439453125 1517.54052734375
1499.860595703125 1500.9805908203125 1501.33251953125 1506.3565673828125 1504.132568359375 1512.1805419921875 1505.20458984375 1502.724609375 1506.404541015625 1504.4205322265625 1506.1005859375 1508.8365478515625 1510.5166015625 1512.2606201171875 1513.5726318359375 1514.6605224609375 1515.62060546875 1516.276611328125 1516.9486083984375 1517.9085693359375 1518.4205322265625 1518.5325927734375 1518.9166259765625 1519.2685546875 1519.508544921875 1519.892578125 1520.404541015625 1520.6605224609375 1520.612548828125 1520.3885498046875 1520.1485595703125 1519.9725341796875 1520.0045166015625 1520.1005859375 1520.1485595703125 1520.30859375 1520.5166015625 1520.484619140625 1520.196533203125 1519.780517578125 1519.4285888671875 1519.1566162109375 1518.99658203125 1518.756591796875
1512.8685302734375 1512.5166015625 1514.676513671875 1510.8365478515625 1512.9166259765625 1517.8446044921875 1516.2606201171875 1509.924560546875 1510.78857421875 1508.228515625 1511.54052734375 1512.8045654296875 1513.9085693359375 1515.2845458984375 1516.196533203125 1517.0125732421875 1517.8765869140625 1518.4686279296875 1519.2525634765625 1520.132568359375 1520.3565673828125 1520.37255859375 1520.676513671875 1520.9486083984375 1521.3486328125 1521.796630859375 1522.0845947265625 1522.132568359375 1522.0045166015625 1521.892578125 1521.6685791015625 1521.652587890625 1521.796630859375 1521.6685791015625 1521.54052734375 1521.652587890625 1521.6365966796875 1521.444580078125 1521.20458984375 1520.9326171875 1520.64453125 1520.4365234375 1520.2926025390625 1520.0526123046875
1519.1085205078125 1519.20458984375 1517.588623046875 1517.172607421875 1513.092529296875 1514.132568359375 1516.1005859375 1516.132568359375 1513.796630859375 1513.62060546875 1515.5245361328125 1516.0526123046875 1516.9166259765625 1517.82861328125 1518.612548828125 1519.380615234375 1519.988525390625 1520.276611328125 1521.8446044921875 1522.3885498046875 1521.924560546875 1521.9725341796875 1522.30859375 1522.37255859375 1522.7406005859375 1523.092529296875 1523.1885986328125 1523.060546875 1523.1566162109375 1523.172607421875 1522.99658203125 1523.1566162109375 1523.2525634765625 1522.9486083984375 1522.78857421875 1522.78857421875 1522.612548828125 1522.340576171875 1522.1165771484375 1521.9405517578125 1521.82861328125 1521.6845703125 1521.3966064453125 1520.99658203125
1523.028564453125 1523.1085205078125 1521.7645263671875 1519.3646240234375 1517.5565185546875 1519.3966064453125 1517.3486328125 1518.0045166015625 1515.796630859375 1517.300537109375 1517.9725341796875 1518.756591796875 1519.3165283203125 1519.9085693359375 1520.5325927734375 1521.300537109375 1521.7325439453125 1521.95654296875 1522.964599609375 1524.0526123046875 1523.860595703125 1523.5726318359375 1523.7645263671875 1523.5565185546875 1523.716552734375 1523.9725341796875 1524.068603515625 1524.1485595703125 1524.3245849609375 1524.16455078125 1524.0045166015625 1524.132568359375 1524.1165771484375 1523.892578125 1523.6365966796875 1523.444580078125 1523.300537109375 1523.1566162109375 1522.99658203125 1522.884521484375 1522.724609375 1522.4205322265625 1521.892578125 1521.4285888671875
