docs/data/temperature.asc
ncols        90
nrows        62
xllcorner    24.750000000000
yllcorner    8.250000000000
cellsize     0.500000000000
[rows 38 to 56 of 62, columns 43 to 85 of 90]
28.850000000000023 28.850000000000023 28.650018310546898 28.550012207031273 28.150018310546898 27.650018310546898 28.050012207031273 28.249993896484398 28.150018310546898 27.749993896484398 27.350000000000023 26.950006103515648 26.850000000000023 26.650018310546898 26.249993896484398 25.950006103515648 25.550012207031273 25.350000000000023 25.249993896484398 25.050012207031273 24.749993896484398 24.450006103515648 23.950006103515648 23.650018310546898 23.550012207031273 23.650018310546898 23.850000000000023 23.850000000000023 23.749993896484398 23.550012207031273 23.350000000000023 23.050012207031273 22.650018310546898 22.150018310546898 21.550012207031273 21.150018310546898 20.749993896484398 20.450006103515648 20.150018310546898 20.050012207031273 19.950006103515648 19.749993896484398 19.150018310546898
28.749993896484398 28.650018310546898 28.550012207031273 28.450006103515648 27.850000000000023 27.350000000000023 27.350000000000023 27.450006103515648 26.950006103515648 26.550012207031273 26.450006103515648 26.150018310546898 25.950006103515648 25.550012207031273 25.150018310546898 24.850000000000023 24.650018310546898 24.249993896484398 23.950006103515648 23.650018310546898 23.550012207031273 23.450006103515648 23.350000000000023 22.950006103515648 22.850000000000023 22.749993896484398 22.749993896484398 22.550012207031273 22.350000000000023 22.050012207031273 21.749993896484398 21.450006103515648 21.150018310546898 20.749993896484398 20.450006103515648 20.249993896484398 20.150018310546898 20.050012207031273 19.850000000000023 19.850000000000023 19.650018310546898 19.249993896484398 18.950006103515648
28.550012207031273 28.450006103515648 28.249993896484398 27.950006103515648 27.350000000000023 27.050012207031273 26.850000000000023 26.450006103515648 26.050012207031273 25.650018310546898 25.550012207031273 25.450006103515648 25.050012207031273 24.749993896484398 24.550012207031273 24.450006103515648 24.249993896484398 23.950006103515648 23.650018310546898 23.249993896484398 22.749993896484398 22.749993896484398 22.650018310546898 22.650018310546898 22.450006103515648 22.150018310546898 21.850000000000023 21.550012207031273 21.249993896484398 20.950006103515648 20.650018310546898 20.450006103515648 20.249993896484398 20.050012207031273 19.950006103515648 19.850000000000023 19.850000000000023 19.650018310546898 19.550012207031273 19.550012207031273 19.150018310546898 18.950006103515648 18.350000000000023
28.150018310546898 27.950006103515648 27.450006103515648 27.050012207031273 26.850000000000023 26.550012207031273 26.350000000000023 26.150018310546898 25.749993896484398 25.150018310546898 24.749993896484398 24.550012207031273 24.150018310546898 24.150018310546898 24.249993896484398 24.249993896484398 24.050012207031273 23.650018310546898 23.249993896484398 23.450006103515648 23.249993896484398 23.150018310546898 22.650018310546898 22.150018310546898 21.850000000000023 21.550012207031273 21.249993896484398 21.150018310546898 20.850000000000023 20.350000000000023 20.150018310546898 19.950006103515648 19.850000000000023 19.650018310546898 19.650018310546898 19.550012207031273 19.450006103515648 19.350000000000023 19.249993896484398 19.350000000000023 19.050012207031273 18.450006103515648 17.450006103515648
27.450006103515648 27.150018310546898 26.749993896484398 26.350000000000023 26.249993896484398 25.450006103515648 24.950006103515648 25.050012207031273 25.450006103515648 25.150018310546898 24.550012207031273 24.650018310546898 24.450006103515648 24.050012207031273 23.950006103515648 23.650018310546898 23.249993896484398 22.450006103515648 23.050012207031273 23.150018310546898 23.150018310546898 22.749993896484398 22.249993896484398 21.850000000000023 21.650018310546898 21.350000000000023 21.150018310546898 21.050012207031273 20.749993896484398 20.150018310546898 19.650018310546898 19.650018310546898 19.550012207031273 19.450006103515648 19.450006103515648 19.350000000000023 19.249993896484398 19.150018310546898 19.150018310546898 19.050012207031273 18.650018310546898 17.850000000000023 16.749993896484398
26.450006103515648 26.050012207031273 25.850000000000023 25.950006103515648 26.249993896484398 26.050012207031273 25.450006103515648 24.150018310546898 23.550012207031273 24.850000000000023 24.850000000000023 24.650018310546898 23.850000000000023 22.850000000000023 22.749993896484398 23.650018310546898 24.150018310546898 25.050012207031273 23.150018310546898 22.850000000000023 22.249993896484398 21.950006103515648 21.650018310546898 21.450006103515648 21.150018310546898 20.850000000000023 20.550012207031273 20.350000000000023 20.150018310546898 19.850000000000023 19.650018310546898 19.450006103515648 19.450006103515648 19.350000000000023 19.249993896484398 19.050012207031273 19.050012207031273 19.050012207031273 19.050012207031273 18.650018310546898 18.350000000000023 17.150018310546898 16.550012207031273
25.050012207031273 24.850000000000023 25.150018310546898 25.249993896484398 25.350000000000023 24.450006103515648 23.850000000000023 23.350000000000023 21.749993896484398 19.749993896484398 19.749993896484398 22.249993896484398 23.650018310546898 24.150018310546898 20.050012207031273 19.550012207031273 18.350000000000023 20.249993896484398 21.050012207031273 21.150018310546898 20.950006103515648 20.650018310546898 20.350000000000023 20.150018310546898 20.050012207031273 20.050012207031273 19.950006103515648 19.749993896484398 19.550012207031273 19.450006103515648 19.350000000000023 19.249993896484398 19.150018310546898 19.150018310546898 18.950006103515648 18.749993896484398 18.550012207031273 18.550012207031273 18.450006103515648 18.050012207031273 17.749993896484398 16.249993896484398 16.249993896484398
23.450006103515648 22.950006103515648 23.550012207031273 24.050012207031273 23.249993896484398 22.650018310546898 22.350000000000023 21.650018310546898 20.749993896484398 19.850000000000023 19.850000000000023 20.350000000000023 19.749993896484398 19.550012207031273 18.749993896484398 18.550012207031273 18.350000000000023 18.749993896484398 19.249993896484398 19.550012207031273 19.850000000000023 19.950006103515648 19.850000000000023 19.850000000000023 19.850000000000023 19.850000000000023 19.749993896484398 19.550012207031273 19.450006103515648 19.350000000000023 19.150018310546898 19.050012207031273 18.950006103515648 18.950006103515648 18.850000000000023 18.749993896484398 18.550012207031273 18.350000000000023 18.150018310546898 17.950006103515648 17.450006103515648 16.650018310546898 16.350000000000023
22.850000000000023 22.249993896484398 21.749993896484398 21.950006103515648 21.650018310546898 21.749993896484398 22.249993896484398 21.350000000000023 20.550012207031273 20.350000000000023 18.050012207031273 20.550012207031273 19.749993896484398 18.650018310546898 18.350000000000023 18.550012207031273 18.850000000000023 19.050012207031273 19.249993896484398 19.650018310546898 19.950006103515648 19.950006103515648 19.950006103515648 20.050012207031273 20.050012207031273 19.850000000000023 19.650018310546898 19.350000000000023 19.150018310546898 19.050012207031273 18.850000000000023 18.749993896484398 18.650018310546898 18.650018310546898 18.650018310546898 18.650018310546898 18.450006103515648 18.350000000000023 18.150018310546898 18.050012207031273 17.550012207031273 17.150018310546898 16.950006103515648
22.350000000000023 22.450006103515648 21.350000000000023 21.350000000000023 22.249993896484398 21.850000000000023 22.150018310546898 22.650018310546898 20.650018310546898 18.850000000000023 19.450006103515648 18.850000000000023 18.650018310546898 18.650018310546898 18.850000000000023 19.249993896484398 19.550012207031273 19.850000000000023 20.150018310546898 20.350000000000023 20.249993896484398 20.150018310546898 20.150018310546898 20.050012207031273 19.850000000000023 19.650018310546898 19.350000000000023 19.050012207031273 18.850000000000023 18.650018310546898 18.550012207031273 18.450006103515648 18.350000000000023 18.350000000000023 18.350000000000023 18.350000000000023 18.350000000000023 18.249993896484398 18.050012207031273 17.850000000000023 17.650018310546898 17.450006103515648 17.249993896484398
22.450006103515648 21.650018310546898 19.350000000000023 20.350000000000023 21.450006103515648 21.050012207031273 18.450006103515648 17.550012207031273 18.249993896484398 18.350000000000023 18.450006103515648 18.550012207031273 18.850000000000023 19.150018310546898 19.450006103515648 19.749993896484398 20.050012207031273 20.350000000000023 20.450006103515648 20.249993896484398 20.050012207031273 19.950006103515648 19.749993896484398 19.450006103515648 19.450006103515648 19.249993896484398 19.050012207031273 18.749993896484398 18.550012207031273 18.450006103515648 18.249993896484398 18.249993896484398 18.249993896484398 18.350000000000023 18.249993896484398 18.150018310546898 18.050012207031273 17.950006103515648 17.850000000000023 17.650018310546898 17.450006103515648 17.350000000000023 17.350000000000023
22.150018310546898 20.249993896484398 18.550012207031273 17.150018310546898 17.650018310546898 18.650018310546898 18.050012207031273 18.450006103515648 18.850000000000023 19.050012207031273 19.150018310546898 19.249993896484398 19.450006103515648 19.650018310546898 19.950006103515648 20.249993896484398 20.450006103515648 20.550012207031273 20.350000000000023 19.950006103515648 19.550012207031273 19.350000000000023 19.150018310546898 19.050012207031273 19.050012207031273 19.050012207031273 18.850000000000023 18.650018310546898 18.450006103515648 18.350000000000023 18.350000000000023 18.350000000000023 18.350000000000023 18.249993896484398 18.150018310546898 17.950006103515648 17.850000000000023 17.749993896484398 17.650018310546898 17.450006103515648 17.350000000000023 17.249993896484398 17.249993896484398
18.050012207031273 17.950006103515648 18.249993896484398 17.450006103515648 17.550012207031273 18.150018310546898 18.550012207031273 18.749993896484398 18.950006103515648 19.150018310546898 19.650018310546898 19.749993896484398 19.850000000000023 19.950006103515648 20.350000000000023 20.550012207031273 20.550012207031273 20.450006103515648 20.050012207031273 19.550012207031273 19.350000000000023 19.249993896484398 19.150018310546898 18.950006103515648 18.850000000000023 18.850000000000023 18.749993896484398 18.650018310546898 18.450006103515648 18.350000000000023 18.249993896484398 18.249993896484398 18.150018310546898 18.050012207031273 17.950006103515648 17.850000000000023 17.749993896484398 17.650018310546898 17.450006103515648 17.350000000000023 17.249993896484398 17.249993896484398 17.249993896484398
17.450006103515648 17.550012207031273 17.950006103515648 18.550012207031273 18.550012207031273 18.850000000000023 19.050012207031273 19.150018310546898 19.050012207031273 19.350000000000023 19.950006103515648 20.050012207031273 20.050012207031273 20.249993896484398 20.650018310546898 20.749993896484398 20.450006103515648 20.150018310546898 19.850000000000023 19.749993896484398 19.550012207031273 19.350000000000023 19.150018310546898 18.850000000000023 18.650018310546898 18.650018310546898 18.650018310546898 18.550012207031273 18.350000000000023 18.249993896484398 18.249993896484398 18.150018310546898 18.050012207031273 17.950006103515648 17.950006103515648 17.850000000000023 17.749993896484398 17.650018310546898 17.550012207031273 17.550012207031273 17.550012207031273 17.550012207031273 17.550012207031273
17.450006103515648 17.749993896484398 18.350000000000023 18.850000000000023 19.050012207031273 19.150018310546898 19.249993896484398 19.650018310546898 19.749993896484398 19.850000000000023 20.150018310546898 20.450006103515648 20.550012207031273 20.550012207031273 20.550012207031273 20.950006103515648 20.850000000000023 20.450006103515648 20.249993896484398 19.950006103515648 19.350000000000023 18.850000000000023 18.650018310546898 18.550012207031273 18.350000000000023 18.350000000000023 18.450006103515648 18.350000000000023 18.249993896484398 18.249993896484398 18.249993896484398 18.150018310546898 18.150018310546898 18.150018310546898 18.050012207031273 17.950006103515648 17.850000000000023 17.850000000000023 17.850000000000023 17.850000000000023 17.950006103515648 17.950006103515648 17.850000000000023
18.249993896484398 18.550012207031273 19.249993896484398 19.450006103515648 19.650018310546898 19.550012207031273 19.850000000000023 20.150018310546898 20.050012207031273 20.350000000000023 20.550012207031273 20.749993896484398 20.850000000000023 20.350000000000023 18.550012207031273 15.749993896484398 19.850000000000023 19.550012207031273 19.150018310546898 18.749993896484398 18.550012207031273 18.249993896484398 18.150018310546898 18.150018310546898 18.050012207031273 17.950006103515648 18.050012207031273 18.050012207031273 18.150018310546898 18.249993896484398 18.249993896484398 18.150018310546898 18.150018310546898 18.249993896484398 18.150018310546898 18.050012207031273 17.950006103515648 17.950006103515648 17.950006103515648 18.050012207031273 18.050012207031273 17.950006103515648 17.850000000000023
19.350000000000023 19.450006103515648 19.850000000000023 20.050012207031273 20.050012207031273 20.050012207031273 20.249993896484398 20.450006103515648 20.550012207031273 20.450006103515648 20.850000000000023 20.850000000000023 20.650018310546898 20.050012207031273 19.249993896484398 18.050012207031273 17.850000000000023 18.050012207031273 18.050012207031273 17.850000000000023 17.850000000000023 17.749993896484398 17.650018310546898 17.749993896484398 17.749993896484398 17.650018310546898 17.850000000000023 18.050012207031273 18.150018310546898 18.249993896484398 18.249993896484398 18.249993896484398 18.249993896484398 18.249993896484398 18.150018310546898 18.050012207031273 17.950006103515648 17.950006103515648 17.950006103515648 18.050012207031273 17.950006103515648 17.749993896484398 17.749993896484398
19.150018310546898 19.850000000000023 20.450006103515648 20.150018310546898 20.550012207031273 20.950006103515648 20.150018310546898 20.249993896484398 20.950006103515648 19.950006103515648 19.850000000000023 20.350000000000023 19.850000000000023 18.950006103515648 18.450006103515648 18.249993896484398 18.050012207031273 17.950006103515648 17.850000000000023 17.650018310546898 17.450006103515648 17.350000000000023 17.350000000000023 17.450006103515648 17.450006103515648 17.550012207031273 17.749993896484398 18.050012207031273 18.050012207031273 18.150018310546898 18.150018310546898 18.150018310546898 18.150018310546898 18.050012207031273 18.050012207031273 18.050012207031273 18.050012207031273 18.050012207031273 18.150018310546898 18.050012207031273 17.950006103515648 17.850000000000023 17.749993896484398
19.749993896484398 20.350000000000023 20.350000000000023 19.650018310546898 19.450006103515648 19.150018310546898 18.050012207031273 18.850000000000023 19.749993896484398 18.050012207031273 18.249993896484398 19.050012207031273 18.350000000000023 18.050012207031273 17.749993896484398 17.550012207031273 17.450006103515648 17.450006103515648 17.550012207031273 17.450006103515648 17.249993896484398 17.150018310546898 17.249993896484398 17.350000000000023 17.550012207031273 17.650018310546898 17.850000000000023 18.050012207031273 18.150018310546898 18.150018310546898 18.050012207031273 18.050012207031273 18.050012207031273 18.050012207031273 18.150018310546898 18.249993896484398 18.249993896484398 18.350000000000023 18.249993896484398 18.150018310546898 18.050012207031273 17.950006103515648 17.749993896484398
