docs/data/temperature.asc
ncols        90
nrows        62
xllcorner    24.750000000000
yllcorner    8.250000000000
cellsize     0.500000000000
[rows 0 to 18 of 62, columns 43 to 85 of 90]
19.749993896484398 19.550012207031273 18.249993896484398 20.050012207031273 19.050012207031273 19.850000000000023 20.249993896484398 20.450006103515648 20.749993896484398 20.850000000000023 21.150018310546898 21.150018310546898 21.150018310546898 21.450006103515648 21.550012207031273 21.350000000000023 20.550012207031273 19.749993896484398 19.749993896484398 19.450006103515648 19.249993896484398 19.450006103515648 19.150018310546898 19.550012207031273 20.150018310546898 20.650018310546898 21.249993896484398 21.650018310546898 21.450006103515648 21.150018310546898 21.150018310546898 21.050012207031273 21.249993896484398 21.450006103515648 21.550012207031273 21.550012207031273 21.650018310546898 21.350000000000023 21.550012207031273 22.350000000000023 23.150018310546898 22.650018310546898 21.950006103515648
22.150018310546898 22.350000000000023 20.650018310546898 21.850000000000023 21.550012207031273 19.550012207031273 20.150018310546898 20.249993896484398 20.350000000000023 20.350000000000023 20.850000000000023 21.249993896484398 21.350000000000023 21.450006103515648 21.650018310546898 21.450006103515648 21.249993896484398 21.150018310546898 20.749993896484398 20.249993896484398 20.450006103515648 20.249993896484398 19.749993896484398 20.350000000000023 20.650018310546898 21.050012207031273 21.650018310546898 21.550012207031273 21.749993896484398 21.350000000000023 21.050012207031273 21.350000000000023 21.450006103515648 21.450006103515648 21.650018310546898 21.749993896484398 21.550012207031273 21.550012207031273 22.050012207031273 22.550012207031273 23.249993896484398 23.550012207031273 23.050012207031273
24.249993896484398 24.450006103515648 25.550012207031273 24.150018310546898 22.050012207031273 19.550012207031273 20.350000000000023 20.450006103515648 20.450006103515648 20.450006103515648 20.450006103515648 20.850000000000023 21.350000000000023 21.550012207031273 21.749993896484398 21.650018310546898 21.249993896484398 20.950006103515648 20.650018310546898 20.249993896484398 20.550012207031273 22.550012207031273 22.650018310546898 19.950006103515648 20.950006103515648 21.150018310546898 21.050012207031273 21.249993896484398 21.550012207031273 21.350000000000023 21.249993896484398 21.550012207031273 21.650018310546898 21.650018310546898 21.749993896484398 21.749993896484398 21.850000000000023 22.050012207031273 22.749993896484398 23.950006103515648 24.249993896484398 23.850000000000023 23.050012207031273
25.450006103515648 24.249993896484398 24.249993896484398 25.050012207031273 24.249993896484398 19.650018310546898 19.550012207031273 19.650018310546898 20.350000000000023 20.749993896484398 20.550012207031273 20.650018310546898 21.050012207031273 21.150018310546898 21.350000000000023 21.350000000000023 20.850000000000023 20.249993896484398 19.749993896484398 20.950006103515648 21.350000000000023 21.550012207031273 21.450006103515648 22.249993896484398 22.850000000000023 21.150018310546898 21.150018310546898 21.050012207031273 21.350000000000023 21.249993896484398 21.050012207031273 21.550012207031273 21.749993896484398 21.650018310546898 21.550012207031273 21.749993896484398 22.050012207031273 22.249993896484398 22.850000000000023 22.850000000000023 21.749993896484398 22.749993896484398 22.350000000000023
27.150018310546898 25.650018310546898 23.350000000000023 23.650018310546898 24.650018310546898 22.249993896484398 19.850000000000023 19.150018310546898 20.249993896484398 21.050012207031273 20.749993896484398 20.450006103515648 20.550012207031273 20.550012207031273 20.550012207031273 20.749993896484398 20.749993896484398 20.249993896484398 22.749993896484398 23.450006103515648 22.850000000000023 23.050012207031273 23.249993896484398 22.749993896484398 23.050012207031273 22.650018310546898 22.850000000000023 21.749993896484398 21.350000000000023 21.350000000000023 21.150018310546898 21.650018310546898 21.749993896484398 21.850000000000023 21.650018310546898 21.650018310546898 21.850000000000023 21.950006103515648 21.950006103515648 22.749993896484398 22.950006103515648 22.350000000000023 22.850000000000023
27.650018310546898 28.050012207031273 25.749993896484398 25.650018310546898 25.850000000000023 23.450006103515648 20.650018310546898 26.249993896484398 27.050012207031273 22.650018310546898 19.249993896484398 20.550012207031273 20.749993896484398 20.749993896484398 20.050012207031273 22.249993896484398 22.450006103515648 24.650018310546898 22.550012207031273 23.550012207031273 23.550012207031273 24.650018310546898 24.150018310546898 23.450006103515648 24.350000000000023 22.950006103515648 21.850000000000023 23.950006103515648 22.150018310546898 21.550012207031273 21.249993896484398 21.950006103515648 21.749993896484398 21.950006103515648 21.550012207031273 21.950006103515648 21.850000000000023 21.249993896484398 21.650018310546898 22.150018310546898 23.550012207031273 22.950006103515648 25.950006103515648
28.650018310546898 27.249993896484398 26.249993896484398 25.950006103515648 26.850000000000023 26.350000000000023 24.550012207031273 24.050012207031273 25.450006103515648 27.650018310546898 26.950006103515648 25.850000000000023 24.050012207031273 24.150018310546898 24.350000000000023 26.450006103515648 25.950006103515648 25.650018310546898 25.650018310546898 24.350000000000023 23.650018310546898 23.550012207031273 23.350000000000023 22.749993896484398 23.749993896484398 23.050012207031273 22.950006103515648 21.950006103515648 21.550012207031273 21.550012207031273 21.450006103515648 21.850000000000023 22.050012207031273 22.249993896484398 22.350000000000023 22.249993896484398 21.650018310546898 22.249993896484398 24.150018310546898 23.850000000000023 23.450006103515648 25.249993896484398 24.950006103515648
30.350000000000023 27.950006103515648 27.050012207031273 27.249993896484398 28.150018310546898 27.950006103515648 26.749993896484398 26.550012207031273 26.650018310546898 27.050012207031273 27.650018310546898 28.350000000000023 27.550012207031273 27.749993896484398 27.350000000000023 27.249993896484398 26.450006103515648 25.550012207031273 25.050012207031273 24.550012207031273 25.350000000000023 25.950006103515648 25.550012207031273 25.650018310546898 24.950006103515648 24.150018310546898 23.350000000000023 22.850000000000023 22.650018310546898 22.650018310546898 22.050012207031273 21.850000000000023 21.150018310546898 21.749993896484398 22.450006103515648 23.249993896484398 23.150018310546898 23.350000000000023 23.350000000000023 23.550012207031273 23.749993896484398 23.350000000000023 23.749993896484398
30.749993896484398 29.350000000000023 28.850000000000023 28.850000000000023 28.749993896484398 29.050012207031273 28.450006103515648 27.150018310546898 25.550012207031273 26.350000000000023 27.050012207031273 27.249993896484398 27.050012207031273 27.450006103515648 27.749993896484398 26.650018310546898 25.550012207031273 25.249993896484398 25.050012207031273 25.249993896484398 25.350000000000023 24.850000000000023 23.950006103515648 24.350000000000023 24.950006103515648 24.950006103515648 24.550012207031273 24.450006103515648 22.550012207031273 22.350000000000023 21.950006103515648 20.950006103515648 20.950006103515648 21.350000000000023 22.749993896484398 24.249993896484398 24.550012207031273 25.050012207031273 25.950006103515648 25.550012207031273 25.650018310546898 24.850000000000023 23.749993896484398
31.350000000000023 31.050012207031273 30.950006103515648 30.550012207031273 29.650018310546898 29.350000000000023 29.249993896484398 27.950006103515648 26.749993896484398 26.749993896484398 26.450006103515648 26.150018310546898 26.150018310546898 26.249993896484398 26.350000000000023 26.150018310546898 25.950006103515648 25.749993896484398 25.650018310546898 25.550012207031273 25.550012207031273 25.150018310546898 24.249993896484398 25.450006103515648 23.150018310546898 23.350000000000023 23.749993896484398 24.050012207031273 23.249993896484398 22.150018310546898 22.150018310546898 23.249993896484398 24.950006103515648 24.450006103515648 24.350000000000023 24.950006103515648 25.050012207031273 25.350000000000023 25.850000000000023 27.550012207031273 27.650018310546898 27.150018310546898 26.950006103515648
32.050012207031273 32.150018310546898 32.249993896484398 31.749993896484398 30.850000000000023 30.550012207031273 29.650018310546898 29.050012207031273 29.050012207031273 28.350000000000023 26.749993896484398 28.850000000000023 27.650018310546898 26.450006103515648 26.749993896484398 27.249993896484398 27.350000000000023 26.850000000000023 26.850000000000023 27.550012207031273 28.050012207031273 26.350000000000023 24.850000000000023 26.950006103515648 25.249993896484398 23.950006103515648 23.550012207031273 23.249993896484398 22.350000000000023 22.050012207031273 24.150018310546898 24.450006103515648 27.350000000000023 25.850000000000023 25.749993896484398 26.450006103515648 26.650018310546898 27.050012207031273 27.450006103515648 28.650018310546898 29.249993896484398 28.550012207031273 28.050012207031273
34.050012207031273 31.150018310546898 32.249993896484398 31.950006103515648 32.050012207031273 31.749993896484398 31.150018310546898 30.850000000000023 30.749993896484398 30.850000000000023 29.150018310546898 28.650018310546898 27.050012207031273 27.150018310546898 28.749993896484398 28.550012207031273 29.050012207031273 26.550012207031273 26.550012207031273 27.550012207031273 26.850000000000023 25.650018310546898 26.650018310546898 26.350000000000023 25.850000000000023 24.850000000000023 23.050012207031273 22.550012207031273 21.950006103515648 23.749993896484398 24.749993896484398 27.450006103515648 30.950006103515648 29.850000000000023 29.650018310546898 28.850000000000023 27.749993896484398 28.650018310546898 30.050012207031273 30.350000000000023 30.550012207031273 29.650018310546898 30.050012207031273
33.050012207031273 32.249993896484398 30.950006103515648 31.450006103515648 33.550012207031273 32.950006103515648 31.150018310546898 31.150018310546898 31.050012207031273 31.150018310546898 31.749993896484398 31.050012207031273 29.650018310546898 29.450006103515648 29.550012207031273 29.950006103515648 28.350000000000023 29.249993896484398 28.850000000000023 27.050012207031273 27.749993896484398 25.150018310546898 26.950006103515648 25.550012207031273 25.850000000000023 26.150018310546898 24.950006103515648 24.650018310546898 22.550012207031273 24.150018310546898 25.749993896484398 28.550012207031273 30.950006103515648 31.650018310546898 31.249993896484398 30.450006103515648 31.050012207031273 31.150018310546898 30.850000000000023 32.150018310546898 32.050012207031273 31.650018310546898 32.249993896484398
33.650018310546898 32.950006103515648 32.350000000000023 32.050012207031273 31.850000000000023 31.249993896484398 33.249993896484398 31.350000000000023 30.749993896484398 31.249993896484398 31.650018310546898 32.150018310546898 32.150018310546898 30.150018310546898 29.350000000000023 29.550012207031273 30.249993896484398 29.050012207031273 27.950006103515648 26.550012207031273 26.950006103515648 25.850000000000023 25.850000000000023 26.150018310546898 27.749993896484398 28.249993896484398 26.950006103515648 25.550012207031273 24.850000000000023 23.450006103515648 26.650018310546898 28.150018310546898 28.350000000000023 29.850000000000023 32.850000000000023 33.550012207031273 33.249993896484398 32.749993896484398 31.650018310546898 32.249993896484398 32.950006103515648 33.550012207031273 32.950006103515648
33.650018310546898 33.050012207031273 33.150018310546898 32.749993896484398 32.350000000000023 32.249993896484398 31.850000000000023 33.749993896484398 31.650018310546898 31.350000000000023 30.850000000000023 30.850000000000023 31.749993896484398 32.550012207031273 30.850000000000023 29.150018310546898 30.550012207031273 29.850000000000023 30.550012207031273 28.950006103515648 26.850000000000023 26.550012207031273 25.450006103515648 26.450006103515648 28.249993896484398 29.249993896484398 27.550012207031273 25.850000000000023 24.249993896484398 23.950006103515648 26.650018310546898 27.950006103515648 28.550012207031273 30.450006103515648 30.650018310546898 31.450006103515648 32.249993896484398 32.850000000000023 33.350000000000023 32.950006103515648 33.850000000000023 33.450006103515648 33.350000000000023
33.850000000000023 33.749993896484398 33.950006103515648 33.950006103515648 33.249993896484398 32.350000000000023 31.850000000000023 33.650018310546898 32.450006103515648 31.950006103515648 31.550012207031273 30.749993896484398 30.850000000000023 32.450006103515648 33.050012207031273 30.550012207031273 30.249993896484398 30.450006103515648 29.450006103515648 30.249993896484398 28.350000000000023 27.550012207031273 25.850000000000023 25.950006103515648 26.749993896484398 28.450006103515648 28.749993896484398 27.150018310546898 25.550012207031273 25.150018310546898 26.249993896484398 28.249993896484398 28.350000000000023 29.950006103515648 29.850000000000023 28.550012207031273 28.850000000000023 29.850000000000023 29.950006103515648 30.350000000000023 31.749993896484398 33.249993896484398 33.850000000000023
33.850000000000023 34.050012207031273 33.950006103515648 33.950006103515648 33.450006103515648 32.350000000000023 31.749993896484398 30.650018310546898 32.550012207031273 32.950006103515648 32.550012207031273 31.950006103515648 31.450006103515648 32.150018310546898 33.550012207031273 33.550012207031273 31.150018310546898 30.850000000000023 30.749993896484398 31.249993896484398 29.350000000000023 27.249993896484398 25.050012207031273 26.150018310546898 26.350000000000023 27.249993896484398 26.249993896484398 27.450006103515648 25.950006103515648 25.950006103515648 25.650018310546898 27.450006103515648 27.550012207031273 28.350000000000023 29.450006103515648 28.249993896484398 28.550012207031273 30.950006103515648 31.450006103515648 31.249993896484398 32.550012207031273 32.650018310546898 32.850000000000023
33.749993896484398 34.050012207031273 33.850000000000023 33.850000000000023 33.550012207031273 32.550012207031273 31.749993896484398 31.249993896484398 30.650018310546898 33.350000000000023 33.749993896484398 32.850000000000023 32.650018310546898 32.249993896484398 31.749993896484398 33.150018310546898 33.050012207031273 29.850000000000023 29.749993896484398 30.650018310546898 30.249993896484398 29.950006103515648 29.150018310546898 26.749993896484398 26.450006103515648 26.249993896484398 26.350000000000023 27.650018310546898 27.850000000000023 25.850000000000023 25.350000000000023 26.350000000000023 27.550012207031273 27.749993896484398 27.950006103515648 27.450006103515648 28.050012207031273 29.050012207031273 29.550012207031273 29.050012207031273 31.950006103515648 32.650018310546898 32.249993896484398
33.650018310546898 33.950006103515648 33.749993896484398 33.749993896484398 33.749993896484398 32.850000000000023 31.850000000000023 31.249993896484398 30.550012207031273 30.249993896484398 32.650018310546898 33.249993896484398 33.749993896484398 33.650018310546898 32.850000000000023 32.150018310546898 33.550012207031273 33.650018310546898 32.050012207031273 29.249993896484398 29.749993896484398 30.650018310546898 28.749993896484398 26.950006103515648 26.650018310546898 25.550012207031273 26.650018310546898 29.249993896484398 29.850000000000023 26.050012207031273 25.749993896484398 25.650018310546898 25.749993896484398 25.749993896484398 26.550012207031273 28.249993896484398 29.550012207031273 29.749993896484398 29.350000000000023 28.749993896484398 32.150018310546898 32.650018310546898 32.650018310546898
