docs/data/u_noaa.asc
ncols         720
nrows         361
xllcorner     -0.25
yllcorner     -90.25
cellsize      0.5
NODATA_value  -9999
[rows 252 to 287 of 361, columns 240 to 319 of 720]
1.51 1.71 1.99 2.29 2.62 2.92 3.17 3.37 3.49 3.56 3.61 3.6 3.58 3.66 3.72 3.68 3.56 3.5 3.59 3.64 3.54 3.42 3.31 3.05 2.71 2.42 2.21 1.94 1.58 1.17 0.84 0.79 0.81 0.68 0.72 1.26 2.3 2.69 2.76 3.15 3.81 4.87 6.14 6.57 5.92 5.8 6.08 6.09 4.12 3.51 3.35 3.48 3.98 4.91 5.29 5.57 3.95 5.81 5.38 5.58 1.79 -4.75 -2.23 -2.01 -1.21 -0.16 0.81 1.34 1.48 1.32 1.14 1.1 1.18 1.47 1.52 1.46 1.16 0.87 0.79 0.84
3.05 3.26 3.46 3.7 3.97 4.23 4.47 4.68 4.81 4.81 4.75 4.72 4.78 4.89 4.86 4.76 4.63 4.5 4.41 4.35 4.28 4.17 4.09 4.04 3.86 3.51 3.16 3.04 2.94 2.55 2.09 1.76 1.6 1.63 1.78 2.03 2.06 2.1 2.22 2.91 3.25 3.8 5.46 6.91 6.92 6.41 6.04 6.53 3.59 2.47 1.26 2.3 3.12 3.92 4.5 4.52 3.55 4.39 3.99 4.23 -0.45 -3.25 -1.69 -1.68 -0.54 0.31 1.14 1.57 1.68 1.51 1.51 1.64 1.65 1.82 1.7 1.57 1.38 1.23 1.21 1.34
4.33 4.54 4.73 4.91 5.1 5.28 5.44 5.63 5.75 5.76 5.72 5.82 5.92 5.97 5.93 5.79 5.61 5.46 5.28 5.17 5.11 5.08 4.96 4.81 4.69 4.6 4.35 4.03 3.83 3.63 3.46 3.18 2.81 2.54 2.49 2.56 2.7 2.9 2.92 3.13 3.02 3.29 3.46 4.09 4.51 4.9 4.64 5.26 3.16 3.03 2.48 1.15 0.12 2.25 4.77 4.28 4.07 2.73 2.21 2.94 -1.27 -1.18 -1.63 -0.96 0.11 0.9 1.5 1.75 1.76 1.6 1.75 2.1 2.11 2.02 1.8 1.56 1.47 1.49 1.63 1.84
5.21 5.51 5.77 5.99 6.17 6.31 6.4 6.51 6.62 6.72 6.84 6.98 7.07 7.12 7.15 7.07 6.9 6.67 6.41 6.25 6.14 6.01 5.83 5.74 5.63 5.47 5.36 5.09 4.81 4.57 4.39 4.24 4.05 3.78 3.45 3.31 3.33 3.36 3.43 3.14 2.77 2.72 2.23 2.08 2 2.3 2.48 2.72 2.98 3.38 2.7 0.48 1.83 4.45 3.52 2.81 2.03 -1.26 -0.63 -0.52 -0.15 1.91 0.93 0.78 1.1 1.52 1.97 2.05 1.98 1.88 2.08 2.51 2.59 2.33 1.99 1.76 1.71 1.81 2.04 2.33
6.03 6.43 6.74 6.96 7.13 7.22 7.31 7.41 7.52 7.63 7.73 7.85 8 8.16 8.23 8.22 8.15 8.05 7.89 7.69 7.47 7.22 6.93 6.73 6.48 6.29 6.21 6.05 5.86 5.7 5.49 5.22 4.97 4.73 4.46 4.26 4.09 4.01 4.04 4.05 3.89 3.16 2.63 2.86 2.34 2.04 1.81 1.89 2.93 3.53 3.33 3.14 3.87 4.77 4.15 4.36 9.74 2.92 -1.32 -1.96 -1.47 1.36 3.41 3.82 3.75 3.46 3.18 2.89 2.65 2.52 2.65 3 3.13 2.87 2.44 2.2 2.19 2.31 2.52 2.77
7.22 7.59 7.82 7.98 8.11 8.19 8.27 8.36 8.429999 8.48 8.559999 8.65 8.79 8.99 9.16 9.26 9.28 9.23 9.13 9 8.82 8.53 8.23 7.92 7.6 7.28 7.07 6.98 6.83 6.63 6.42 6.2 5.93 5.64 5.37 5.17 4.98 4.81 4.68 4.73 4.84 4.85 5.02 5.41 6.1 6.02 3.21 2.35 2.96 6.15 5.19 3.6 4.01 4.7 4.86 7.21 10.66 10.76 5.55 1.64 0.6 1.32 3.22 5.02 5.57 5.42 5.19 4.8 4.24 3.82 3.67 3.72 3.66 3.44 3.07 2.75 2.69 2.79 2.89 3.04
8.27 8.53 8.72 8.91 9.05 9.16 9.26 9.4 9.53 9.63 9.65 9.63 9.66 9.76 9.929999 10.03 10.15 10.24 10.27 10.18 10.03 9.8 9.54 9.22 8.86 8.5 8.179999 7.92 7.73 7.51 7.24 6.92 6.64 6.44 6.25 6.03 5.82 5.63 5.5 5.45 5.45 5.56 5.74 5.92 6.18 6.82 8.059999 8.83 9.13 10.48 11.73 11.75 9.889999 7.09 6.74 4.83 4.74 5.82 6.55 5.56 4.14 3.27 3.24 4.45 5.73 6.21 6.49 6.83 6.39 5.63 5 4.64 4.26 3.97 3.66 3.32 3.12 3.08 3.1 3.17
8.95 9.19 9.44 9.639999 9.82 9.98 10.14 10.32 10.46 10.58 10.57 10.51 10.45 10.44 10.5 10.55 10.71 10.86 10.99 11.05 11.04 10.94 10.76 10.49 10.15 9.76 9.38 9.059999 8.77 8.5 8.21 7.89 7.53 7.22 6.96 6.72 6.51 6.37 6.29 6.21 6.16 6.16 6.29 6.53 6.82 7.14 7.43 8.24 8.72 9.49 11.04 12.35 12.85 11.82 10.05 9.23 8.12 7.52 7.55 6.9 5.6 4.76 4.24 4.68 5.94 6.8 7.2 7.51 7.34 6.84 6.13 5.57 4.97 4.51 4.29 3.93 3.57 3.37 3.25 3.26
9.639999 9.9 10.14 10.38 10.58 10.72 10.91 11.11 11.33 11.51 11.59 11.59 11.51 11.43 11.39 11.41 11.5 11.64 11.78 11.87 11.88 11.81 11.66 11.42 11.14 10.83 10.49 10.18 9.91 9.62 9.309999 8.97 8.639999 8.27 7.89 7.53 7.24 7.04 6.98 6.97 6.96 6.9 6.9 6.96 7.11 7.34 7.73 8.22 5.82 8.41 9.79 10.83 12.07 12.82 11.89 10.08 5.28 9.73 9 8.179999 7.11 5.67 4.28 4.13 5.64 7.38 8.09 7.95 7.52 6.88 6.22 5.82 5.5 4.98 4.8 4.62 4.24 3.81 3.51 3.42
10.31 10.58 10.8 10.94 11.06 11.21 11.39 11.57 11.86 12.13 12.36 12.52 12.56 12.59 12.52 12.5 12.52 12.62 12.74 12.79 12.81 12.7 12.52 12.24 11.91 11.53 11.19 10.95 10.83 10.69 10.46 10.12 9.71 9.27 8.889999 8.52 8.23 7.97 7.77 7.65 7.64 7.69 7.69 7.65 7.66 7.63 7.79 8.139999 8.679999 9.79 11.25 11.99 12.03 11.97 12.03 12.39 12.65 12.73 10.9 7.83 6.97 6.56 5.58 4.41 4.68 6.7 8.5 8.429999 7.64 6.65 5.94 5.58 5.41 5.27 5.03 4.95 4.76 4.37 3.84 3.58
10.87 11.13 11.34 11.53 11.65 11.76 11.92 12.13 12.42 12.69 12.96 13.24 13.41 13.51 13.56 13.5 13.45 13.45 13.46 13.53 13.52 13.41 13.21 12.94 12.58 12.17 11.77 11.49 11.32 11.19 11.06 10.89 10.63 10.3 9.98 9.62 9.25 8.95 8.72 8.599999 8.52 8.46 8.44 8.45 8.32 8.099999 7.97 8.01 8 8.389999 5.82 7.25 9.29 10.08 9.13 7.02 6.28 9.55 11.79 10.94 8.28 7.21 6.99 6.37 5.37 5.98 7.35 7.86 7.24 6.47 5.88 5.72 5.23 5.05 5.02 5.02 5.03 4.57 4.06 3.74
11.46 11.66 11.85 12 12.22 12.42 12.66 12.84 13.08 13.41 13.78 14.15 14.39 14.54 14.55 14.46 14.36 14.26 14.16 14.05 13.92 13.78 13.63 13.44 13.13 12.8 12.5 12.17 11.86 11.59 11.37 11.19 11.09 11 10.88 10.66 10.37 10.06 9.79 9.62 9.5 9.37 9.21 9.08 8.9 8.67 8.37 8.07 7.65 7.33 4.9 5.08 4.87 5.3 3.97 3.47 6.76 6.77 8.61 10.46 9.73 8.26 7.5 7.24 6.52 5.87 5.8 6.13 6.48 6.44 6.08 5.93 5.72 5.26 4.91 4.74 5.01 4.91 4.19 3.88
11.83 12.08 12.29 12.55 12.86 13.14 13.36 13.55 13.75 13.85 13.92 14.15 14.58 14.96 15.23 15.37 15.34 15.16 14.9 14.71 14.66 14.5 14.32 14.13 13.85 13.5 13.16 12.73 12.35 12.09 11.92 11.75 11.68 11.59 11.38 11.18 10.99 10.89 10.79 10.62 10.42 10.23 10.01 9.79 9.57 9.309999 8.97 8.59 8.17 7.6 7.63 3.57 5.73 10.87 8.139999 4.08 7.42 6.67 6.75 7.65 8.4 8.23 7.4 6.91 6.58 6.14 5.44 5.09 5.4 5.91 6.21 6.39 6.11 5.96 5.63 5.14 4.8 5.03 4.83 4.22
12.06 12.29 12.58 12.95 13.31 13.54 13.78 13.94 14.06 14.13 14.2 14.27 14.35 14.41 14.5 14.72 15.08 15.35 15.37 15.3 15.42 15.38 15.19 15.05 14.87 14.56 14.13 13.54 12.94 12.48 12.36 12.3 12.2 12.01 11.77 11.55 11.44 11.44 11.44 11.41 11.27 11.08 10.83 10.58 10.3 9.99 9.7 9.32 9.07 8.44 7.94 4.06 4.75 7.94 7.92 7.93 9.719999 4.53 3.72 4.8 6.22 7.06 6.98 6.65 6.29 6.02 5.79 5.31 4.93 5.12 5.94 6.73 6.97 6.69 6.51 6.09 5.33 5.01 5.18 4.89
12.2 12.55 12.94 13.32 13.6 13.82 14.06 14.23 14.33 14.42 14.6 14.77 14.99 15.19 15.29 15.34 15.49 15.61 15.78 15.99 16.02 15.86 15.58 15.3 15.02 14.79 14.51 14.14 13.6 12.96 12.72 12.69 12.44 12.19 11.94 11.79 11.81 11.93 11.98 11.94 11.9 11.8 11.59 11.3 11.02 10.77 10.47 10.12 9.79 9.45 9.01 7.24 3.83 4.61 5.59 8.79 9.29 4.66 3.53 3.9 4.94 5.94 6.29 6.1 5.75 5.59 5.67 5.67 5.32 5.1 5.65 6.64 7.48 7.57 7.04 6.9 6.14 5.26 5.08 5.24
12.45 12.8 13.12 13.44 13.77 14.08 14.33 14.51 14.71 14.97 15.21 15.47 15.63 15.71 15.67 15.68 15.76 15.64 15.48 15.27 15.07 14.98 15 14.98 14.89 14.68 14.37 14.15 13.96 13.58 13.32 13.08 12.64 12.34 12.26 12.32 12.42 12.48 12.51 12.55 12.57 12.57 12.43 12.21 11.9 11.56 11.32 11.01 10.71 10.51 10.11 10.09 8.4 5.45 8.69 10.82 11.15 8.55 5.82 5.27 5.27 5.41 5.6 5.61 5.58 5.76 6.03 6.31 6.28 5.93 5.95 6.45 7.25 7.82 7.71 7.17 6.72 5.9 5.31 5.34
12.89 13 13.27 13.68 14.09 14.36 14.42 14.58 14.95 15.35 15.61 15.67 15.54 15.49 15.62 15.76 15.85 15.8 15.76 15.84 15.83 15.69 15.58 15.53 15.27 14.96 14.54 14.12 13.86 13.65 13.25 12.95 12.93 13.03 13.13 13.01 12.9 12.95 13.11 13.21 13.28 13.31 13.21 13.07 12.81 12.48 12.08 11.78 11.54 11.32 11.16 10.88 10.84 11.58 12.45 12.25 12.47 13.18 10.14 7.36 5.92 5.48 5.47 5.61 5.66 5.93 6.33 6.67 6.74 6.56 6.49 6.56 6.84 7.44 7.71 7.43 7.09 6.54 5.74 5.47
12.75 12.99 13.4 13.72 13.82 13.92 14.32 14.84 15.12 15.15 15.1 15.06 15.1 15.4 15.67 15.92 16.06 16.05 15.96 15.88 15.82 15.6 15.21 14.84 14.43 14.21 14.11 13.87 13.61 13.53 13.6 13.71 13.74 13.66 13.54 13.42 13.36 13.41 13.6 13.84 13.91 13.92 13.9 13.78 13.57 13.23 12.86 12.47 12.15 12.02 11.88 11.74 11.38 11.22 11.51 11.24 10.2 10.2 11.01 8.84 6.48 6.06 5.99 5.91 5.86 5.93 6.27 6.8 7.22 7.26 7.07 6.81 6.73 7.17 7.64 7.6 7.33 6.8 6.25 5.76
12.84 13.02 13.06 13.2 13.61 14.1 14.34 14.36 14.3 14.13 14.28 14.67 15.11 15.48 15.67 15.64 15.69 15.76 15.73 15.69 15.65 15.56 15.47 15.32 15.08 14.75 14.54 14.28 14 13.73 13.53 13.33 13.21 13.23 13.32 13.58 13.9 14.12 14.27 14.34 14.32 14.34 14.42 14.38 14.22 13.98 13.29 12.29 12.2 12.56 12.5 12.31 11.98 11.57 11.33 10.64 9.11 8.45 9.65 10.33 8.5 7.01 6.77 6.68 6.79 6.88 6.93 7.2 7.49 7.67 7.68 7.42 7.11 6.99 7.58 7.88 7.7 6.99 6.37 5.85
13.15 13.1 13.11 13.4 13.82 13.84 13.58 13.51 13.72 14.02 14.49 15 15.41 15.59 15.6 15.54 15.36 15.17 15 14.89 14.83 14.76 14.71 14.61 14.52 14.36 14.24 13.93 13.43 12.98 12.84 12.98 13.24 13.51 13.71 13.83 13.9 14.05 14.27 14.5 14.65 14.82 14.92 14.9 14.74 14.26 13.44 12.64 12.29 12.75 12.8 12.63 12.34 11.95 11.58 10.64 9.389999 8.51 8.429999 9.78 10.39 8.95 7.88 7.8 7.68 7.71 7.84 8.05 8.24 8.139999 8.02 7.92 7.79 7.36 7.06 7.53 7.86 7.13 6.13 5.66
13 12.99 13.21 13.33 13.29 13.22 13.4 13.81 14.32 14.69 14.76 14.73 14.79 14.89 14.9 14.87 14.81 14.72 14.77 14.79 14.72 14.63 14.51 14.42 14.29 14.1 13.75 13.38 13.17 13.26 13.29 13.29 13.37 13.51 13.48 13.47 13.76 13.96 14.08 14.26 14.57 14.91 15.2 15.31 15.09 14.67 13.67 12.9 12.37 12.69 13.05 12.86 12.65 12.28 11.9 11.41 10.75 9.65 8.74 8.54 10.14 10.82 9.57 8.83 8.67 8.099999 7.71 7.66 7.81 8.23 8.57 8.4 8.17 7.94 7.33 6.93 7.16 6.95 6.2 5.24
12.81 12.81 12.93 12.97 13.05 13.5 14.03 14.18 14.15 14.23 14.4 14.6 14.82 14.89 14.95 15.07 15.09 14.97 14.79 14.51 14.23 14.06 13.94 13.83 13.7 13.54 13.3 13.02 12.93 12.91 12.83 12.83 12.97 13.28 13.6 13.81 14.13 14.39 14.6 14.74 14.85 15.04 15.3 15.51 15.43 15.06 14.41 14.02 13.48 13.37 13.36 13.23 13 12.71 12.3 11.89 11.48 10.86 9.92 8.69 8.63 10.31 10.88 9.92 9.4 9.03 8.19 7.55 7.07 7.11 8.03 8.929999 8.79 8.03 7.35 6.84 6.53 6.44 6.29 5.47
12.99 13.32 13.54 13.48 13.7 14.24 14.13 13.62 13.63 14.11 14.44 14.41 14.35 14.41 14.59 14.59 14.39 14.24 14.23 14.2 14.08 13.87 13.58 13.26 12.85 12.47 12.2 12.07 12.08 12.25 12.6 12.98 13.35 13.75 14.1 14.39 14.67 14.98 15.18 15.17 15.01 14.85 14.78 14.73 14.64 14.62 14.51 14.44 14.39 14.25 13.95 13.63 13.27 12.95 12.54 11.88 11.44 10.78 10.54 9.58 8.25 8.65 10.22 10.88 10.47 10.14 9.83 9.309999 8.809999 8.24 7.96 8.5 9.27 8.78 7.19 6.19 6.1 6.03 5.89 5.67
14.08 14.14 13.77 13.73 13.99 14.01 13.66 13.49 13.64 13.8 13.86 14.08 14.34 14.49 14.4 14.18 14.06 14.19 14.28 14.01 13.48 12.96 12.5 12.12 11.81 11.64 11.63 11.77 12.12 12.55 12.89 13.14 13.49 13.97 14.42 14.78 14.92 14.92 14.96 14.95 14.91 14.77 14.7 14.69 14.7 14.69 14.83 14.89 14.78 14.52 14.31 14.13 13.81 12.91 11.97 11.54 11.34 10.65 10.37 9.79 8.79 7.9 8.55 10.26 11.27 11.23 10.91 10.55 10.34 10.2 9.84 9.059999 8.809999 9.55 8.599999 6.03 5.11 5.58 5.66 5.57
13.67 13.39 13.43 13.77 13.82 13.44 13.47 13.83 14.05 14.11 14.19 14.29 14.1 13.77 13.71 14.01 14.19 13.9 13.41 12.93 12.52 12.26 12.09 11.89 11.71 11.6 11.65 11.85 12.18 12.5 12.76 13.07 13.48 13.89 14.27 14.61 14.78 15.02 15.26 15.32 15.33 15.22 15.04 14.86 14.68 14.46 14.44 14.53 14.3 13.99 13.82 13.68 13.71 13.18 12.07 11.01 10.56 10.54 10.27 9.98 9.66 8.75 7.92 8.66 10.31 11.32 11.37 10.98 10.51 10.34 10.42 10.28 9.349999 8.74 9.599999 8.66 5.72 4.8 5.38 5.47
13.38 13.68 13.79 13.46 13.17 13.36 13.72 13.75 13.51 13.42 13.59 13.72 13.67 13.66 13.76 13.56 13.05 12.58 12.37 12.28 12.1 11.73 11.32 11.07 11.04 11.18 11.47 11.95 12.43 12.83 13.23 13.69 14.15 14.54 14.74 14.84 14.84 14.78 14.72 14.57 14.29 14.18 14.24 14.36 14.45 14.36 14.32 14.36 14.2 13.91 13.56 13.33 13.03 12.78 12.61 12.07 10.93 10.45 10.84 10.65 10.51 10.2 9.179999 8.23 8.76 10.23 11.09 11.13 10.52 10.01 10.03 10.37 10.28 9.38 8.77 9.74 9.01 6.23 5.2 5.59
13.73 13.45 12.98 12.76 13.15 13.31 12.94 12.77 13.09 13.54 13.8 13.7 13.33 12.88 12.31 11.69 11.36 11.32 11.25 10.98 10.58 10.35 10.4 10.69 11.12 11.62 12.14 12.56 12.82 13.08 13.33 13.46 13.48 13.44 13.41 13.36 13.28 13.23 13.35 13.52 13.7 14.01 14.41 14.7 14.94 15.06 14.95 14.74 14.08 13.69 13.33 13.16 13.47 13.41 13.02 12.8 12.28 11.02 10.94 11.21 11.27 11.21 10.59 9.32 8.26 8.82 10.19 10.81 10.61 10.12 10 10.22 10.46 10.47 9.849999 8.889999 9.53 9.5 7.2 5.91
13.08 12.92 12.76 12.74 12.88 12.54 12.32 12.72 13.17 13.22 12.72 11.93 11.27 10.7 10.26 10.11 10.04 9.9 9.69 9.61 9.889999 10.32 10.69 11.03 11.37 11.58 11.62 11.57 11.58 11.62 11.74 11.94 12.17 12.38 12.58 12.81 12.95 13.12 13.28 13.3 13.71 14.16 14.58 14.96 15.27 15.56 15.62 15.35 15.16 14.82 14.32 14.46 14.57 14.25 13.78 13.63 13.35 11.95 11.43 11.51 11.42 11.17 10.67 9.95 8.9 8.179999 8.77 10.1 10.74 10.6 10.41 10.42 10.4 10.57 10.64 9.8 8.4 8.73 9.469999 8.01
13.39 13.37 13.1 12.69 12.46 12.5 12.69 12.71 12.47 12.16 11.45 10.83 10.61 10.1 9.76 9.679999 9.33 9.08 9.27 9.69 10.21 10.59 10.78 10.89 10.91 10.84 10.83 11.17 11.42 11.44 11.72 11.98 11.9 11.82 11.85 11.94 12.11 12.36 12.65 12.91 13.64 14.34 14.87 15.18 15.31 15.32 15.2 15.08 14.93 14.7 14.14 13.91 14.14 14.26 13.6 13.14 12.94 12.55 12.24 11.62 11.13 10.49 10.17 9.929999 9.4 8.51 7.99 8.71 10.13 10.84 10.86 10.77 10.49 10.34 10.39 10.23 9.2 7.72 7.61 8.88
13.46 13.18 12.62 12.12 12.02 12.06 12.04 11.82 11.53 11.16 10.4 9.809999 9.61 9.25 9.099999 9.33 9.429999 9.51 9.79 10.18 10.5 10.66 10.56 10.33 10.31 10.47 10.6 10.54 10.21 9.9 9.98 9.969999 9.67 9.73 10.13 10.66 11.16 11.65 12.05 12.36 12.49 12.48 12.53 12.72 12.96 13.21 13.49 13.81 14.11 14.16 13.96 13.55 13.29 13.03 12.93 12.88 12.68 12.79 12.78 12.26 11.72 11.27 10.51 9.67 9.45 9.07 8.45 8.02 8.61 9.95 10.95 11.1 10.62 10.24 9.95 9.62 9.28 8.48 7.13 6.63
12.62 11.92 11.14 10.83 10.87 10.94 10.7 10.08 9.45 9.24 8.929999 8.58 8.61 8.8 8.96 9.3 9.719999 10.12 10.53 10.75 10.55 10.1 9.71 9.57 9.62 9.44 9.04 8.67 8.42 8.37 8.66 9.03 9.32 9.75 10.22 10.58 10.83 10.73 10.09 9.429999 9.09 8.98 9.04 9.19 9.349999 9.48 9.559999 9.77 10.12 10.6 10.94 11.17 11.46 11.74 11.99 12.43 12.7 12.67 12.87 12.86 12.48 11.9 10.97 9.54 8.97 9.07 9.05 8.62 8.32 8.47 9.46 10.69 10.91 10.44 9.78 9.139999 8.72 8.45 7.89 6.91
12.15 11.26 10.37 10.08 10.08 9.94 9.23 8.36 8.16 8.45 8.59 8.67 9.05 9.5 9.71 9.88 10.19 10.55 10.71 10.48 9.86 9.37 9.11 8.849999 8.47 8.03 7.8 7.8 7.95 8.27 8.71 9.13 9.51 9.88 10.14 10.16 9.95 9.349999 8.429999 7.8 7.47 7.23 7.28 7.55 7.91 8.15 8.26 8.29 8.49 8.8 9.34 9.75 10.13 10.39 11.18 11.87 12.25 12.11 12.52 12.79 12.59 11.85 10.89 9.65 8.57 8.639999 9.04 9.22 9 8.34 8.099999 8.49 9.52 10.11 10.01 9.469999 8.69 8.059999 7.7 7.54
12.21 11.39 10.64 10.24 9.98 9.65 9.059999 8.66 8.77 9.05 9.37 9.84 10.24 10.33 10.22 10.29 10.53 10.59 10.45 9.99 9.44 9.099999 8.7 8.03 7.54 7.47 7.65 7.89 8.179999 8.54 8.88 9.15 9.42 9.74 10.02 9.87 9.22 8.4 7.66 7.09 6.65 6.66 7.01 7.48 7.9 8.26 8.48 8.51 8.61 9.139999 9.98 10.51 10.81 11.17 11.52 11.86 12.33 12.69 12.86 12.85 12.07 10.87 10.13 9.51 8.75 8.559999 8.809999 9.07 9.08 8.679999 8.26 7.93 7.85 8.389999 8.79 8.99 8.77 8.07 7.41 7.22
11.91 11.31 10.87 10.48 10.15 9.84 9.55 9.4 9.51 9.86 10.28 10.66 10.63 10.37 10.4 10.68 10.94 10.89 10.39 9.75 9.139999 8.66 8.12 7.66 7.59 7.72 7.94 8.2 8.45 8.75 9.02 9.26 9.51 9.8 9.99 9.83 9.24 8.34 7.41 6.82 6.33 6.22 6.74 7.72 8.309999 8.78 9.16 9.4 9.33 9.65 9.99 10.83 11.56 12 12.34 12.62 12.98 13.26 13.49 13.49 12.49 10.77 9.429999 8.94 8.82 8.87 8.9 8.87 8.8 8.67 8.48 8.49 8.63 8.22 7.39 7.1 7.47 7.83 7.82 7.6
11.25 11.04 10.67 10.45 10.38 10.3 10.26 10.31 10.36 10.51 10.63 10.64 10.69 10.85 11.07 11.26 11.18 10.39 9.34 8.7 8.2 7.82 7.66 7.71 7.87 8.03 8.28 8.559999 8.83 9.13 9.349999 9.54 9.7 9.849999 9.87 9.67 9.059999 8.15 7.34 6.7 6.34 6.46 7.12 8.04 8.79 9.15 9.309999 9.309999 9.52 9.95 10.58 11.35 11.99 12.54 13.17 13.41 13.65 13.88 13.98 13.93 13.19 11.72 10.37 9.58 9.25 9.179999 9 8.95 8.83 8.8 8.83 8.94 9.26 9.08 8.21 6.95 6.37 6.53 7.39 8.27
10.46 10.41 10.03 9.86 10.08 10.24 10.25 10.05 9.849999 9.929999 10.14 10.46 11.01 11.34 10.95 9.91 8.53 7.3 6.81 7.02 7.2 7.37 7.65 7.92 8.13 8.389999 8.75 9.05 9.25 9.429999 9.559999 9.62 9.719999 9.83 9.83 9.639999 9.01 8.07 7.33 6.96 7.22 7.8 8.3 8.8 9.15 9.38 9.27 9.059999 9.38 10.07 10.88 11.62 12.23 12.79 13.3 13.65 14 14.21 14.21 14.05 13.8 12.94 11.69 10.81 10.7 10.79 10.76 10.8 10.67 10.41 10.05 9.889999 9.559999 9.09 8.61 8.05 7.45 6.89 6.71 7.37
