docs/data/u_noaa.asc
ncols         720
nrows         361
xllcorner     -0.25
yllcorner     -90.25
cellsize      0.5
NODATA_value  -9999
[rows 144 to 179 of 361, columns 80 to 159 of 720]
2.12 1.43 1.27 0.92 0.09 -0.27 -0.97 -3.58 -2.39 -3.22 -2.92 -3.17 -3.35 -3.79 -3.94 -4.36 -4.55 -4.45 -4.41 -4.3 -3.57 -3.96 -4.32 -4.64 -4.78 -4.09 -3.09 -2.71 -2.9 -3.45 -3.25 -2.95 -3.04 -3.59 -3.44 -3.47 -3.4 -3.31 -3.17 -2.93 -2.92 -3.06 -3 -2.8 -2.74 -2.62 -2.36 -2.24 -2.2 -2.11 -2.06 -1.87 -1.73 -1.65 -1.7 -1.82 -1.83 -1.74 -1.64 -1.77 -2.1 -2.32 -1.97 -1.53 -1.02 -0.52 1.87 0.05 -2.6 -2.71 -2.47 -2.12 -1.54 -1.75 -1.7 -2.08 -1.51 -1.65 -1.66 -1.12
1.74 1.48 1.42 1.88 1.63 0.29 -0.39 -3.08 -1.48 -2.62 -2.64 -2.23 -2.26 -2.73 -3.2 -4.12 -4.11 -4.14 -3.62 -3.41 -3.82 -4.8 -4.95 -4.25 -3.96 -3.39 -2.51 -2 -1.36 -0.37 -2.13 -2.93 -3.6 -3.96 -3.93 -3.66 -3.84 -3.61 -3.25 -3.12 -3.47 -3.48 -3.32 -3.25 -3.21 -2.92 -2.68 -2.53 -2.29 -2.23 -2.22 -2.09 -1.98 -1.89 -1.96 -2.03 -2.04 -1.95 -1.95 -2.15 -2.3 -2.31 -2.02 -1.75 -1.45 -1.93 2.52 -0.87 -2.89 -3.24 -3.6 -3.07 -2.61 -2.19 -1.67 -1.87 -2.35 -2.27 -1.88 -1.1
1.07 1.07 1.06 1.42 2.29 1.57 2.12 -2.6 -2.38 -1.85 -0.68 -0.7 -0.89 -1.23 -2.08 -3.58 -2.96 -2.55 -2.37 -3.47 -4.02 -3.27 -3.46 -3.94 -4.27 -3.83 -1.35 -0.81 -1.41 -1.24 -5.06 -4.64 -4.39 -4.09 -4.09 -4 -4.15 -3.74 -3.36 -3.73 -3.87 -3.62 -3.61 -3.62 -3.38 -3.09 -2.91 -2.63 -2.42 -2.37 -2.3 -2.24 -2.15 -2.15 -2.26 -2.32 -2.24 -2.05 -2.09 -2.21 -2.22 -2.3 -2.07 -2.16 -2.4 -2.49 1.73 -1.68 -3.23 -3.14 -3.78 -3.64 -3.24 -2.64 -1.96 -1.8 -2.35 -2.98 -2.12 -1.31
-0.02 0.01 0.36 0.67 1.94 2.19 2.22 -1.7 -4.24 -1.71 -0.89 0.17 0.27 -0.13 -1.5 -3.03 -2.55 -2.65 -2.23 -1.67 -1.97 -1.49 -0.4 -0.06 0.2 0.13 -2.3 -4.4 -4.9 -5.16 -5.55 -4.94 -4.56 -4.32 -4.2 -4.13 -4.24 -3.75 -3.81 -4.21 -3.9 -3.79 -3.79 -3.73 -3.36 -3.22 -3.03 -2.77 -2.64 -2.5 -2.37 -2.34 -2.32 -2.4 -2.56 -2.57 -2.31 -2.05 -2.2 -2.19 -2.17 -2.32 -2.12 -2.86 -3.06 -2.9 0.76 -1.65 -3.32 -3.66 -3.87 -3.75 -3.8 -3.52 -3.09 -2.72 -2.57 -3.39 -2.76 -1.81
-2.6 -1.39 -0.51 -0.01 1.14 1.5 0.27 1.65 -3.18 -1.91 -1.48 -1.18 -0.13 0.02 -0.36 -1.33 -2.55 -1.85 -1.76 -1.83 -1.51 -2.25 -1.17 0.05 0.47 0.52 -3.65 -4.65 -4.78 -4.67 -4.88 -4.91 -4.56 -4.46 -4.17 -4.07 -4.24 -3.9 -4.16 -4.16 -3.88 -3.89 -3.85 -3.61 -3.35 -3.26 -3.08 -2.99 -2.81 -2.63 -2.5 -2.46 -2.51 -2.68 -2.8 -2.66 -2.22 -2.08 -2.31 -2.12 -2.06 -2.1 -2.31 -3.14 -3.53 -3.94 -0.7 0.03 -1.73 -2.97 -4.12 -4.03 -4.07 -3.68 -3.28 -3.1 -2.35 -2.1 -3.39 -1.95
-2.6 -2.73 -1.19 -1 0.48 1.19 0.26 2 -2.81 -2.07 -1.72 -0.29 0.11 0.54 1.87 -0.46 -1.89 -2.99 -3.32 -3.66 -1.41 0.7 -0.08 -0.86 -2.43 -3.08 -3.72 -4.27 -4.48 -4.8 -4.93 -4.64 -4.47 -4.41 -4.09 -4.1 -4.14 -4.01 -4.09 -3.96 -3.9 -3.88 -3.76 -3.47 -3.35 -3.18 -3.16 -3.15 -2.96 -2.86 -2.71 -2.68 -2.77 -2.91 -2.89 -2.54 -2.15 -2.25 -2.42 -2.15 -1.99 -1.98 -2.24 -3.07 -3.66 -3.96 -4.2 -0.02 -1.38 -2.63 -4.44 -4.68 -4.78 -4.11 -3.26 -3.55 -3.02 -2.65 -3.94 -2.44
-1.5 -2.82 -1.4 -0.68 -0.83 0.21 -0.48 1.86 -0.73 -2.38 -1 -0.34 2.29 2.98 1.49 -3.11 -4.88 -4.63 -1.69 -1.14 -1.48 -2.69 -3.96 -4.87 -4.1 -4.04 -4.04 -4.25 -4.66 -4.87 -4.62 -4.36 -4.36 -4.38 -4.11 -4.22 -4.14 -3.94 -3.95 -3.83 -3.83 -3.8 -3.57 -3.39 -3.29 -3.15 -3.27 -3.26 -3.19 -3.15 -3.02 -3 -3.04 -3.04 -2.83 -2.49 -2.43 -2.56 -2.68 -2.6 -2.19 -1.93 -1.77 -2.3 -3.08 -4.28 -5.38 -2.4 -1.21 -2.6 -4.71 -5.24 -4.93 -4.81 -4.25 -4.19 -4.06 -3.43 -4.04 -3.02
-1.54 -0.67 -1.66 0.95 0.71 0.13 0.71 1.49 -0.31 -3.7 -0.61 -1.62 -0.4 0.71 0.12 -0.38 0.48 -0.74 -2.4 -2.88 -4.39 -5.17 -5.54 -5.49 -4.82 -4.31 -4.28 -4.51 -4.79 -4.59 -4.34 -4.15 -4.44 -4.32 -4.17 -4.23 -4.08 -3.9 -3.85 -3.66 -3.77 -3.64 -3.42 -3.35 -3.25 -3.21 -3.38 -3.39 -3.4 -3.38 -3.32 -3.27 -3.24 -3.08 -2.82 -2.79 -2.87 -3.16 -3.09 -2.95 -2.54 -2.08 -1.49 -1.36 -2.12 -3.88 -4.96 -5.1 -2.77 -2.66 -5.52 -5.32 -4.94 -5.25 -4.67 -4.53 -4.36 -3.54 -3.54 -2.59
-1.23 0.35 -0.04 -0.52 1.62 1.7 0.19 1.48 1.12 -2.09 -1.78 -1.85 -1.55 -1.02 -0.74 -1.72 -2.69 -3.56 -4.13 -4.83 -4.9 -5.08 -5.35 -5.38 -4.89 -4.57 -4.53 -4.72 -4.52 -4.2 -4.03 -4.07 -4.56 -4.25 -4.14 -4.16 -4.03 -3.86 -3.73 -3.58 -3.68 -3.51 -3.34 -3.34 -3.29 -3.26 -3.45 -3.53 -3.53 -3.47 -3.43 -3.38 -3.29 -3.05 -3.01 -3.04 -3.35 -3.76 -3.73 -3.52 -3.04 -2.74 -1.86 -1.11 -0.9899999 -2.14 -3.97 -4.76 -2.72 -0.46 -3.02 -3.3 -4.43 -4.83 -4.32 -4.08 -4.22 -3.46 -3.23 -2.38
-0.71 0.33 0.22 0.55 -1.31 0.2 -1.93 1.37 -1.04 -1.16 -0.5 -0.64 -1.49 -2.54 -3.83 -4.67 -5.48 -5.24 -5.3 -4.94 -4.92 -5.11 -5.14 -5.06 -4.88 -4.69 -4.44 -4.38 -4.04 -3.75 -3.76 -4.04 -4.27 -4.2 -4.16 -4.07 -3.99 -3.88 -3.68 -3.62 -3.61 -3.47 -3.31 -3.32 -3.34 -3.34 -3.47 -3.61 -3.64 -3.58 -3.5 -3.38 -3.21 -3.15 -3.3 -3.24 -3.5 -3.87 -4.17 -3.76 -3.4 -3.08 -2.5 -1.75 -0.89 -0.67 -1.6 -2.61 -3.09 1.19 0.01 -2.11 -3.74 -4.16 -4.12 -3.82 -3.92 -3.32 -2.97 -2.85
-1.25 -0.97 0.39 -0.48 -1.96 -2.13 -3.72 -2.95 -3.06 -2.62 -2.74 -4.41 -5.11 -4.91 -5.27 -5.61 -5.47 -5.21 -5.16 -4.85 -4.78 -4.78 -4.77 -4.68 -4.48 -4.21 -4.68 -4.79 -3.68 -3.25 -3.65 -3.78 -3.9 -4.09 -4.12 -4.02 -4.01 -3.99 -3.79 -3.68 -3.59 -3.42 -3.31 -3.33 -3.41 -3.5 -3.49 -3.61 -3.66 -3.65 -3.57 -3.48 -3.29 -3.21 -3.28 -3.13 -3.27 -3.57 -3.74 -3.46 -3.12 -2.73 -2.17 -1.6 -1.17 -0.81 -0.7 -1.16 -2.63 0.27 -0.79 -1.93 -4.19 -4.43 -3.34 -3.68 -4.12 -4.49 -3.81 -3.38
-1.16 -1.65 -0.91 -1.32 -1.23 -1.79 -2.93 -4.86 -5.39 -4.46 -4.35 -5.08 -5.21 -5.39 -5.6 -5.65 -5.48 -5.27 -4.85 -4.33 -3.9 -3.69 -3.5 -3.49 -3.56 -4.06 -3.86 -1.68 -2.06 -3.2 -3.35 -3.58 -3.76 -4.01 -4.16 -4.08 -4.14 -4.14 -3.92 -3.72 -3.41 -3.37 -3.32 -3.29 -3.44 -3.48 -3.57 -3.57 -3.55 -3.52 -3.49 -3.47 -3.38 -3.25 -3.05 -2.77 -2.98 -2.98 -2.98 -2.84 -2.62 -2.25 -1.72 -1.11 -0.51 -0.25 -0.45 -0.5 -1.74 -1.22 0.03 -1.5 -4.16 -4.55 -3.47 -3.24 -4.42 -3.82 -4.11 -3.36
-2.07 -2.41 -1.7 -1.17 -0.97 -1.31 -1.31 -1.68 -4.3 -4.55 -4.49 -4.71 -5.04 -5.37 -5.63 -5.79 -5.51 -4.84 -4.6 -4.9 -4.89 -3.87 -2.1 -2.03 -2.78 -2.58 -1.71 -1.71 -3.38 -3.62 -3.34 -3.56 -3.66 -3.89 -4.16 -4.1 -4.23 -4.15 -3.9 -3.67 -3.32 -3.35 -3.35 -3.35 -3.53 -3.53 -3.52 -3.54 -3.52 -3.32 -3.32 -3.37 -3.34 -3.2 -2.93 -2.45 -2.52 -2.39 -2.21 -2.08 -1.95 -1.72 -1.36 -0.6 0.04 0.29 0.22 -0.17 -0.53 -1.48 1.64 -0.9899999 -3.87 -4.49 -3.38 -3.2 -3.4 -4.14 -3.51 -3.61
-2.13 -2.99 -2.12 -1.44 -1.77 -2.94 -1.94 -2.54 -3.67 -4.02 -4.27 -4.67 -5.08 -5.51 -5.78 -5.28 -4.27 -3.09 -2.15 -1.98 -1.41 0.39 -0.85 -2.4 -2.81 -1.42 -0.53 -2.83 -3.71 -3.42 -3.35 -3.55 -3.59 -3.8 -4.04 -4.06 -4.19 -4.1 -3.88 -3.54 -3.32 -3.27 -3.23 -3.37 -3.5 -3.64 -3.69 -3.52 -3.37 -3.34 -3.16 -3.2 -3.21 -3.1 -2.86 -2.31 -2.24 -2.26 -1.87 -1.78 -1.71 -1.65 -1.4 -0.74 -0.3 0.04 0.31 0.08 0.23 -0.75 -0.48 2.68 0.31 -0.98 -2.18 -2.78 -1.82 -3.69 -2.87 -3.65
-1.23 -1.85 -1.72 -2.22 -2.84 -3.57 -1.59 -1.41 -2.64 -3.54 -3.45 -3.19 -3.93 -2.99 -1.27 -1.14 -0.8 -0.89 -0.12 1.25 -0.23 0.73 -2.74 -2.37 -2.06 -0.95 -1.45 -3.24 -3.39 -3.29 -3.32 -3.49 -3.53 -3.68 -3.83 -3.9 -4.1 -3.93 -3.77 -3.43 -3.23 -3.16 -3.1 -3.18 -3.38 -3.54 -3.6 -3.53 -3.41 -3.26 -3.13 -3.1 -3.07 -3.03 -2.87 -2.34 -2.08 -2.25 -2.21 -2.14 -2.15 -2.26 -1.97 -1.56 -1.05 -0.53 -0.05 -0.12 -0.48 -0.8 -1.34 0.29 0.32 -2.03 -2.57 -2.46 -1.98 -3.62 -3.18 -3.48
-1.04 -1.17 -2.46 -2.97 -3.61 -3.48 -1.69 -0.6 0.01 0.19 -0.04 -0.17 -0.24 0.45 2.21 0.85 -0.18 -1.67 -1.68 0.05 -1.16 -2.78 -3.53 -3.06 -2.51 -2.88 -3.74 -3.52 -3.34 -3.22 -3.28 -3.37 -3.39 -3.53 -3.58 -3.76 -3.91 -3.67 -3.58 -3.29 -3.13 -3.04 -3.04 -3.01 -3.3 -3.39 -3.44 -3.45 -3.4 -3.46 -3.32 -3.16 -3.08 -2.93 -2.71 -2.48 -2.48 -2.7 -2.42 -2.61 -2.29 -2.13 -1.73 -1.9 -1.62 -1.22 -0.74 -0.61 -1.42 -3.26 -5.01 -4.43 -2.36 -2.73 -2.83 -3.38 -3.06 -3.18 -2.85 -3.04
-1.52 -1.28 -2.3 -1.27 0.03 0.22 -0.8 -0.52 0.13 0.06 -0.19 -0.09 0.16 0.02 1.62 -0.63 -1.84 -2.1 -1.78 -1.31 -2.5 -2.91 -3.58 -4.33 -4.26 -4.37 -4.19 -3.44 -3.31 -3.12 -3.12 -3.25 -3.28 -3.34 -3.39 -3.6 -3.58 -3.38 -3.3 -3.18 -3.09 -2.96 -2.95 -2.99 -3.03 -3.22 -3.51 -3.42 -3.59 -3.68 -3.69 -3.52 -3.29 -2.75 -2.8 -2.76 -3.06 -2.99 -2.58 -2.47 -2.06 -1.72 -0.82 -0.94 -1.4 -1.12 -1.07 -1.51 -2.66 -3.88 -4.27 -3.24 0.41 1.77 -1.65 -2.81 -2.82 -2.06 -3.42 -4.39
-1.11 -1.45 -1.05 0.46 0.9899999 0.72 0.34 -0.58 -0.23 0.96 -1.14 -3.09 -2.62 -2.3 -1.32 -1.93 -2.97 -3.18 -3.46 -3.13 -3.6 -3.58 -3.65 -4.51 -4.54 -4.43 -3.97 -3.55 -3.3 -3.1 -3.06 -3.16 -3.2 -3.17 -3.28 -3.41 -3.2 -3.13 -3.05 -3.07 -2.95 -2.87 -2.85 -2.98 -2.94 -3 -3.13 -3.17 -3.63 -3.88 -3.98 -3.87 -3.67 -3.3 -3.15 -2.96 -3.12 -3.04 -3 -2.58 -1.99 -1.65 -0.91 -0.71 -0.61 -0.91 -0.59 -1.78 -2.98 -2.32 -0.97 -1.01 -1.26 0.76 -2.85 -3 -3.04 -2.79 -5.49 -3.36
-0.34 0.95 -0.68 1.32 1.56 1.37 0.53 -1.26 -0.7 0.31 -1.78 -3.43 -3.13 -3.06 -3.02 -3.12 -3.59 -3.23 -4.3 -4.16 -3.88 -3.57 -4.36 -4.6 -4.66 -4.21 -3.66 -3.65 -3.3 -3.23 -3.12 -3.14 -3.19 -3.2 -3.23 -3.13 -2.94 -2.94 -2.94 -2.94 -2.87 -2.81 -2.76 -2.88 -2.91 -2.79 -2.56 -2.96 -3.48 -3.85 -4.09 -4.07 -4.04 -3.79 -3.11 -2.93 -2.85 -2.95 -3.05 -2.6 -2.15 -1.98 -1.83 -1.6 -1.41 -1.53 -1.15 -1.48 -1.49 -1.08 -0.67 -2.82 -3.33 -2.13 -5.78 -2.96 -3.21 -4.07 -5.18 -2.47
-0.39 -0.94 -2.16 -0.19 1.46 2.49 0.78 -1.72 -1.53 -2.15 -2.72 -2.33 -2.73 -3.47 -4.38 -4.62 -4.89 -4.35 -4.21 -4.54 -4.39 -4.21 -4.77 -4.7 -4.78 -4.29 -4.07 -3.85 -3.54 -3.43 -3.27 -3.21 -3.23 -3.23 -3.1 -2.92 -2.8 -2.87 -2.83 -2.75 -2.88 -2.74 -2.72 -2.87 -2.9 -2.84 -2.64 -2.88 -3.3 -3.69 -3.99 -4.1 -4.07 -3.77 -3.29 -2.92 -2.53 -2.77 -3.19 -3.34 -3.06 -2.85 -2.79 -2.87 -2.69 -2.51 -2.32 -1.97 -1.6 -1.33 -2.1 -3.58 -3.22 0.9 0.03 -2.49 -3.04 -4.52 -5.14 -2.24
-1.43 1.09 -0.07 -1 -0.01 0.59 -1.68 -2 -3.96 -3.34 -1.97 -2.03 -2.71 -3.09 -3.75 -4.37 -5.06 -4.84 -4.92 -4.17 -5.14 -4.65 -4.77 -4.82 -4.83 -4.58 -4.46 -4.2 -3.87 -3.69 -3.51 -3.38 -3.28 -3.05 -2.92 -2.83 -2.77 -2.76 -2.73 -2.76 -2.81 -2.73 -2.71 -2.81 -2.94 -2.92 -2.77 -2.96 -3.2 -3.47 -3.69 -3.87 -3.78 -3.55 -3.39 -2.87 -2.85 -3.16 -3.29 -4.08 -4.41 -4.36 -4.42 -4.59 -3.92 -3.44 -3.07 -2.63 -2.59 -3.02 -3.61 -2.6 -2.45 -3.32 -4.63 -7.53 -5.76 -5.93 -5.55 -2.59
0.43 0.64 -1.45 -1.56 -1.5 -3.71 -5.03 -4.42 -4.2 -3.56 -3.09 -3.63 -3.79 -3.97 -4.47 -4.79 -5.3 -5.22 -5.18 -4.85 -5.05 -4.76 -4.87 -5.03 -4.98 -4.96 -4.81 -4.53 -4.17 -3.83 -3.66 -3.4 -3.03 -2.83 -2.8 -2.69 -2.81 -2.69 -2.73 -2.8 -2.78 -2.73 -2.69 -2.73 -2.9 -2.97 -2.91 -3.06 -3.26 -3.33 -3.42 -3.56 -3.46 -3.4 -3.29 -2.76 -3.19 -3.4 -3.21 -4.25 -5.14 -5.37 -6.03 -6.41 -6.08 -6.05 -5.86 -5.32 -4.61 -4.32 -4.36 -5.57 -8.02 -9.38 -9.599999 -7.62 -6.88 -6.7 -5.75 -3.49
-1.66 -1.77 -2.03 -2.74 -2.28 -5.25 -5.22 -5.18 -4.22 -4.32 -4.58 -4.59 -4.78 -5.19 -5.52 -5.58 -5.78 -5.47 -5.64 -5.82 -5.22 -4.98 -5.18 -5.25 -5.28 -5.27 -5.03 -4.68 -4.24 -3.88 -3.57 -3.29 -3.1 -2.91 -2.74 -2.69 -2.74 -2.75 -2.81 -2.77 -2.72 -2.71 -2.68 -2.71 -2.83 -2.87 -2.92 -3.12 -3.31 -3.37 -3.35 -3.33 -3.36 -3.36 -3.19 -2.77 -3.05 -3.23 -3.33 -4.12 -5.1 -5.95 -6.39 -6.63 -6.55 -7.16 -6.65 -7.03 -7.33 -7.24 -7.5 -9.05 -9.48 -9.08 -8.44 -7.58 -7.42 -6.38 -5.33 -2.41
-1.86 -1.28 -3.92 -5.1 -5.52 -6.01 -5.9 -6.12 -5.87 -5.07 -5.67 -4.85 -4.87 -5.21 -5.97 -5.85 -5.84 -5.33 -6.28 -5.79 -5.32 -5.33 -5.54 -5.57 -5.57 -5.44 -5.13 -4.69 -4.22 -3.88 -3.42 -3.29 -3.22 -2.89 -2.67 -2.78 -2.81 -2.88 -2.87 -2.73 -2.64 -2.72 -2.74 -2.74 -2.79 -2.77 -2.8 -2.88 -3.02 -3.28 -3.25 -3.17 -3.27 -3.28 -3.15 -2.73 -2.63 -2.96 -3.51 -3.95 -4.69 -5.84 -6.23 -6.25 -6.1 -6.6 -6.68 -7.55 -8.05 -8.3 -8.429999 -8.67 -8.389999 -8.29 -8.15 -7.8 -7.71 -5.95 -3.32 -0.66
-1.83 -1.85 -2.39 -3.55 -4.67 -5.61 -6.21 -6.4 -6.32 -5.23 -6.13 -5.42 -5.22 -5.06 -6.37 -6.33 -6.06 -5.99 -6.35 -5.7 -5.6 -5.74 -5.77 -5.78 -5.7 -5.37 -4.96 -4.58 -4.19 -3.95 -3.54 -3.3 -3.29 -3.06 -3.02 -3.04 -2.83 -2.94 -2.91 -2.74 -2.59 -2.56 -2.64 -2.67 -2.65 -2.64 -2.67 -2.6 -2.78 -3.04 -3.02 -3.04 -3.16 -3.09 -2.9 -2.51 -2.35 -2.81 -3.64 -3.88 -4.21 -5.34 -6.36 -6.67 -6.66 -6.57 -6.2 -6.63 -7.25 -7.18 -7.32 -7.76 -7.51 -7.52 -7.28 -6.03 -4.07 -2.81 -1.11 -0.29
-1.72 -2.58 -2.89 -3.86 -5.57 -6.44 -6.36 -7.2 -6.12 -5.73 -6.17 -6.17 -5.75 -5.42 -6.25 -6.64 -6.26 -6.45 -6.22 -6.02 -6.02 -6 -5.93 -5.74 -5.52 -5.18 -4.85 -4.47 -4.11 -3.87 -3.6 -3.47 -3.5 -3.22 -3.1 -3.3 -3.02 -2.97 -2.9 -2.69 -2.67 -2.53 -2.47 -2.39 -2.42 -2.45 -2.48 -2.38 -2.59 -2.81 -2.88 -2.82 -3.09 -2.93 -2.57 -2.29 -2.23 -2.45 -3.2 -3.37 -3.72 -4.85 -6.78 -6.91 -6.71 -6.98 -5.89 -5.82 -6.16 -6.16 -6.36 -6.42 -5.88 -4.97 -4.07 -2.57 -3 -4.77 -5.22 -5.91
-4.05 -3.11 -4.83 -3.03 -4.76 -6.53 -7.02 -7.12 -6.4 -5.34 -5.34 -6.53 -5.58 -5.77 -6.09 -6.21 -6.81 -6.94 -6.37 -6.31 -6.31 -6.11 -6 -5.76 -5.48 -5.11 -4.65 -4.25 -3.93 -3.72 -3.63 -3.73 -3.69 -3.4 -3.28 -3.31 -3.15 -3.03 -2.91 -2.78 -2.69 -2.54 -2.26 -2.04 -2.16 -2.21 -2.26 -2.16 -2.37 -2.56 -2.65 -2.46 -2.95 -2.89 -2.31 -1.97 -2.13 -2.45 -2.83 -2.81 -2.71 -3.39 -6.29 -6.47 -4.93 -5.81 -4.56 -5.64 -5.66 -5.82 -5.45 -5.17 -4.29 -2.98 -1.63 -1.35 -3.4 -5.23 -6.22 -7.41
-5.13 -4.28 -3.65 -4.1 -3.9 -5.51 -6.37 -6.61 -6.51 -4.93 -4.36 -5.87 -5.73 -5.74 -6.2 -6.34 -7.4 -6.64 -6.49 -6.51 -6.44 -6.24 -5.98 -5.65 -5.29 -4.86 -4.42 -4.08 -3.81 -3.72 -3.8 -3.93 -3.85 -3.43 -3.39 -3.35 -3.17 -3.07 -2.92 -2.81 -2.68 -2.39 -1.98 -1.79 -1.86 -1.96 -2.11 -2.05 -2.22 -2.12 -2.09 -2.17 -2.59 -2.86 -2.2 -1.67 -1.67 -2.16 -2.64 -2.67 -2.01 -1.2 -1.98 -3.82 -3.03 -3.17 -1.87 -2.84 -5.27 -5.46 -5.25 -4.49 -3.58 -2.54 -2 -2.85 -4.51 -5.51 -5.72 -6.4
-3.75 -4.19 -3.39 -3.66 -3.93 -4.33 -5.89 -7.54 -6.77 -5.2 -4.36 -4.91 -6.07 -5.79 -6.28 -7.23 -6.97 -6.71 -6.58 -6.62 -6.47 -6.21 -5.89 -5.53 -5.09 -4.66 -4.28 -4.04 -3.92 -3.86 -3.9 -3.86 -3.67 -3.51 -3.55 -3.41 -3.19 -2.89 -2.78 -2.73 -2.69 -2.38 -1.94 -1.58 -1.55 -1.68 -1.74 -1.81 -1.88 -1.77 -1.91 -2.25 -2.09 -2.43 -2.04 -1.62 -1.44 -1.57 -2.11 -2.39 -2.07 -0.76 0.89 0.88 -0.87 0.21 -0.04 -0.67 -2.71 -4.36 -5.2 -4.21 -3.43 -3.23 -3.24 -4.28 -5.29 -5.3 -5.5 -5.65
-3.25 -2.8 -2.83 -3.3 -3.92 -3.34 -5.23 -6.67 -6.43 -5.17 -4.75 -4.92 -5.87 -6.32 -6.73 -7.09 -6.83 -6.73 -6.79 -6.71 -6.49 -6.18 -5.82 -5.37 -4.92 -4.49 -4.23 -4.15 -4.09 -3.84 -3.65 -3.33 -3.52 -3.49 -3.42 -3.31 -3.27 -2.96 -2.71 -2.57 -2.48 -2.3 -1.87 -1.43 -1.31 -1.31 -1.34 -1.47 -1.54 -1.7 -1.86 -2 -1.58 -1.98 -1.65 -1.47 -1.25 -1.26 -1.62 -1.75 -1.75 -1.09 -0.39 0.53 -1.83 1.1 1.83 -0.84 -0.98 -2.01 -3.65 -3.55 -3.15 -3.11 -3.63 -3.92 -4.51 -4.57 -4.47 -4.42
-4.15 -3.42 -2.52 -2.9 -4.04 -3.11 -6.44 -6.88 -6 -5.68 -5.31 -5.22 -6.14 -7.03 -6.9 -6.8 -6.96 -6.95 -6.9 -6.71 -6.43 -6.02 -5.6 -5.1 -4.7 -4.41 -4.29 -4.15 -3.81 -3.46 -3.15 -3.13 -3.58 -3.28 -3.01 -3.06 -2.95 -2.85 -2.77 -2.66 -2.41 -2.11 -1.81 -1.43 -1.13 -0.95 -1.04 -1.33 -1.25 -1.48 -1.54 -1.72 -1.31 -1.53 -1.24 -1.39 -0.97 -1.02 -1.31 -1.21 -1.3 -0.46 0.17 1.08 -0.78 0.5 1.73 -1.65 -0.9899999 -0.23 -1.15 -1.96 -2.14 -2.28 -2.7 -3.12 -3.56 -3.81 -3.41 -2.8
-4.67 -4.22 -3.71 -3.82 -3.88 -4.18 -6.9 -6.26 -6.01 -5.75 -5.36 -5.78 -6.85 -7.17 -6.9 -7.05 -7.12 -7.06 -6.84 -6.53 -6.22 -5.78 -5.37 -4.85 -4.49 -4.37 -4.15 -3.73 -3.34 -2.99 -2.87 -3.19 -3.1 -2.89 -2.77 -2.88 -2.89 -2.96 -2.46 -2.26 -2.43 -2.24 -1.74 -1.5 -1.15 -0.89 -0.77 -0.98 -0.98 -1.24 -1.43 -1.49 -1.02 -1.17 -0.97 -0.9899999 -0.54 -0.68 -0.86 -0.76 -0.61 0.16 0.32 0.17 0.25 0.29 0.38 -2.21 -0.59 1.43 0.18 -0.82 -0.76 -0.68 -1.07 -2 -2.75 -3.22 -3.48 -2.18
-5.31 -4.92 -4.22 -4.62 -4.98 -5.24 -6.51 -6.17 -5.71 -5.59 -6.1 -6.94 -7.22 -7.16 -7.17 -7.16 -7.19 -7.04 -6.69 -6.29 -5.91 -5.44 -5.03 -4.59 -4.27 -4.1 -3.73 -3.47 -3.11 -2.7 -2.46 -2.79 -2.63 -2.56 -2.58 -2.63 -2.65 -2.79 -2.43 -1.89 -1.85 -2.31 -1.9 -1.44 -1.2 -0.98 -0.64 -0.69 -0.77 -0.94 -1.29 -1.2 -0.92 -0.87 -0.53 -0.26 -0.03 0.02 -0.05 -0.23 -0.2 0.25 0.56 0.45 0.42 0.35 0 -0.47 0.28 0.82 0.28 -0.03 0.22 0.75 1.18 0.82 -0.2 -0.46 0.27 1.39
-5.63 -5.52 -4.85 -5.4 -5.49 -5.46 -6.12 -5.61 -5.46 -6.57 -7.28 -7.09 -7.18 -7.37 -7.38 -7.25 -7.15 -6.83 -6.44 -6 -5.53 -5.01 -4.57 -4.23 -4.04 -3.71 -3.4 -3.27 -2.87 -2.57 -2.27 -2.29 -2.28 -2.2 -2.27 -2.32 -2.34 -2.31 -2.28 -1.85 -1.56 -1.89 -1.95 -1.46 -1.3 -1.1 -0.57 -0.39 -0.57 -0.52 -0.68 -0.74 -0.78 -0.59 -0.18 0.04 0.2 0.41 0.49 0.19 -0.07 0.18 0.82 1.03 0.66 0.39 0.04 0.2 0.72 0.87 0.76 0.65 0.85 1.32 1.89 2.76 3.56 4.02 4.15 3.49
-5.36 -5.8 -5.44 -5.29 -5.06 -5.22 -5.59 -5.65 -6.59 -6.93 -6.7 -6.91 -7.27 -7.56 -7.51 -7.26 -6.97 -6.63 -6.17 -5.65 -5.15 -4.64 -4.22 -3.88 -3.65 -3.4 -3.15 -2.93 -2.69 -2.47 -2.29 -2.15 -1.99 -1.89 -1.91 -1.91 -1.92 -1.98 -1.97 -1.75 -1.47 -1.55 -1.65 -1.45 -1.39 -1.14 -0.7 -0.14 -0.17 -0.08 0.09 -0.07 -0.34 -0.33 0.05 0.24 0.34 0.64 0.97 0.92 0.56 0.55 1.13 1.46 1.16 0.74 0.29 0.51 1.42 1.74 1.46 1.22 1.35 1.67 2.11 2.65 3.15 3.42 3.2 2.77
-4.95 -5.76 -5.63 -5.02 -4.92 -5.04 -5.69 -6.29 -6.25 -6.46 -6.76 -6.89 -7.22 -7.63 -7.47 -7.19 -6.86 -6.42 -5.88 -5.32 -4.85 -4.32 -3.83 -3.49 -3.26 -3.07 -2.83 -2.68 -2.49 -2.16 -1.95 -1.83 -1.7 -1.67 -1.65 -1.57 -1.49 -1.67 -1.66 -1.5 -1.47 -1.49 -1.38 -1.34 -1.12 -0.68 -0.68 -0.3 -0.03 0.26 0.47 0.39 0.43 0.29 0.39 0.54 0.64 0.72 1 1.32 1.17 1.15 1.51 1.63 1.57 1.14 0.42 0.7 1.79 2.21 1.9 1.59 1.76 1.97 2.24 2.72 3.1 3.31 3.36 3.28
