docs/data/u_noaa.asc
ncols         720
nrows         361
xllcorner     -0.25
yllcorner     -90.25
cellsize      0.5
NODATA_value  -9999
[rows 0 to 35 of 361, columns 400 to 479 of 720]
1.97 2 2.04 2.07 2.11 2.15 2.18 2.22 2.25 2.29 2.32 2.35 2.39 2.42 2.46 2.49 2.52 2.56 2.59 2.62 2.66 2.69 2.72 2.75 2.79 2.82 2.85 2.88 2.91 2.94 2.97 3 3.03 3.06 3.09 3.12 3.15 3.18 3.21 3.24 3.27 3.29 3.32 3.35 3.38 3.4 3.43 3.46 3.48 3.51 3.53 3.56 3.58 3.61 3.63 3.66 3.68 3.71 3.73 3.75 3.78 3.8 3.82 3.84 3.86 3.89 3.91 3.93 3.95 3.97 3.99 4.01 4.03 4.05 4.07 4.08 4.1 4.12 4.14 4.15
2.44 2.48 2.51 2.55 2.58 2.61 2.65 2.68 2.71 2.75 2.78 2.81 2.84 2.88 2.91 2.93 2.96 2.99 3.02 3.05 3.08 3.11 3.14 3.17 3.2 3.22 3.25 3.27 3.29 3.31 3.33 3.35 3.37 3.39 3.41 3.43 3.45 3.47 3.49 3.51 3.53 3.55 3.57 3.59 3.6 3.62 3.64 3.65 3.67 3.69 3.71 3.72 3.73 3.75 3.76 3.77 3.79 3.81 3.82 3.84 3.85 3.86 3.88 3.89 3.9 3.91 3.93 3.94 3.95 3.97 3.98 3.99 4 4.02 4.03 4.04 4.05 4.07 4.08 4.09
3.26 3.28 3.32 3.34 3.38 3.4 3.42 3.44 3.45 3.47 3.49 3.5 3.52 3.54 3.55 3.56 3.55 3.55 3.54 3.54 3.53 3.53 3.52 3.52 3.52 3.53 3.53 3.54 3.54 3.55 3.55 3.56 3.56 3.56 3.55 3.55 3.55 3.54 3.54 3.54 3.54 3.53 3.54 3.55 3.56 3.57 3.58 3.58 3.6 3.6 3.61 3.63 3.64 3.66 3.67 3.69 3.7 3.72 3.73 3.74 3.76 3.77 3.79 3.81 3.83 3.84 3.86 3.88 3.9 3.91 3.93 3.95 3.96 3.98 4 4.01 4.03 4.05 4.07 4.08
2.9 2.92 2.94 2.95 2.96 2.98 3 3.01 3.02 3.04 3.05 3.06 3.08 3.08 3.1 3.1 3.11 3.11 3.12 3.12 3.13 3.14 3.15 3.16 3.17 3.18 3.19 3.2 3.22 3.23 3.24 3.25 3.26 3.27 3.28 3.29 3.3 3.31 3.32 3.33 3.36 3.39 3.41 3.43 3.46 3.49 3.52 3.56 3.59 3.62 3.65 3.68 3.71 3.74 3.78 3.81 3.84 3.87 3.9 3.92 3.95 3.98 4.01 4.03 4.06 4.09 4.1 4.12 4.14 4.16 4.17 4.19 4.21 4.23 4.24 4.26 4.28 4.3 4.32 4.34
2.4 2.41 2.42 2.42 2.42 2.43 2.43 2.43 2.43 2.44 2.44 2.44 2.45 2.46 2.47 2.48 2.49 2.5 2.53 2.54 2.57 2.59 2.62 2.65 2.68 2.71 2.75 2.79 2.82 2.86 2.9 2.93 2.98 3.02 3.07 3.12 3.18 3.23 3.29 3.34 3.38 3.44 3.49 3.53 3.58 3.63 3.68 3.72 3.78 3.86 3.92 3.99 4.06 4.11 4.16 4.2 4.25 4.29 4.33 4.36 4.39 4.43 4.46 4.49 4.51 4.53 4.55 4.57 4.59 4.6 4.61 4.62 4.62 4.63 4.62 4.61 4.6 4.59 4.57 4.56
1.82 1.8 1.8 1.79 1.8 1.81 1.81 1.82 1.83 1.84 1.86 1.87 1.89 1.92 1.96 1.99 2.02 2.07 2.12 2.17 2.21 2.26 2.31 2.37 2.42 2.48 2.53 2.58 2.64 2.69 2.76 2.82 2.88 2.94 2.98 3.03 3.07 3.1 3.15 3.18 3.22 3.26 3.29 3.32 3.36 3.38 3.42 3.45 3.49 3.53 3.56 3.59 3.62 3.66 3.68 3.71 3.74 3.77 3.8 3.82 3.85 3.88 3.9 3.93 3.96 3.99 4.02 4.04 4.07 4.1 4.13 4.16 4.19 4.2 4.22 4.24 4.26 4.27 4.3 4.32
1.57 1.58 1.59 1.6 1.61 1.63 1.65 1.67 1.69 1.71 1.73 1.75 1.79 1.84 1.88 1.93 1.96 1.99 2.03 2.09 2.15 2.21 2.28 2.35 2.43 2.49 2.56 2.62 2.69 2.75 2.8 2.85 2.89 2.94 2.99 3.04 3.1 3.14 3.19 3.22 3.26 3.3 3.35 3.39 3.43 3.47 3.51 3.54 3.59 3.63 3.68 3.72 3.75 3.78 3.81 3.84 3.87 3.9 3.93 3.96 3.99 4.02 4.05 4.07 4.1 4.12 4.14 4.17 4.2 4.22 4.24 4.25 4.27 4.29 4.3 4.32 4.33 4.35 4.36 4.38
0.8 0.83 0.86 0.9 0.95 1 1.07 1.13 1.19 1.25 1.3 1.36 1.43 1.5 1.58 1.66 1.73 1.8 1.88 1.95 2.03 2.1 2.18 2.25 2.32 2.38 2.44 2.51 2.56 2.62 2.69 2.75 2.8 2.86 2.92 2.97 3.02 3.08 3.13 3.17 3.23 3.27 3.32 3.37 3.42 3.46 3.5 3.55 3.59 3.62 3.65 3.69 3.73 3.78 3.82 3.85 3.88 3.92 3.94 3.97 4.01 4.03 4.06 4.09 4.12 4.15 4.17 4.19 4.2 4.23 4.24 4.25 4.26 4.27 4.28 4.3 4.32 4.32 4.33 4.33
-0.39 -0.31 -0.24 -0.16 -0.06 0.03 0.11 0.21 0.3 0.39 0.48 0.57 0.67 0.76 0.84 0.93 1.02 1.1 1.19 1.28 1.36 1.45 1.54 1.62 1.69 1.78 1.86 1.94 2.02 2.11 2.18 2.26 2.34 2.42 2.5 2.57 2.64 2.71 2.78 2.86 2.92 2.98 3.05 3.11 3.17 3.23 3.29 3.34 3.39 3.44 3.49 3.54 3.58 3.63 3.66 3.71 3.74 3.78 3.83 3.86 3.9 3.93 3.95 3.98 4 4.02 4.04 4.07 4.08 4.1 4.12 4.14 4.16 4.17 4.18 4.19 4.21 4.22 4.22 4.23
-1.62 -1.52 -1.42 -1.33 -1.23 -1.13 -1.03 -0.93 -0.83 -0.72 -0.62 -0.52 -0.41 -0.31 -0.19 -0.09 0.02 0.13 0.24 0.35 0.45 0.56 0.67 0.77 0.88 0.9899999 1.1 1.21 1.31 1.42 1.52 1.62 1.73 1.83 1.94 2.04 2.13 2.22 2.32 2.4 2.49 2.59 2.67 2.75 2.82 2.9 2.97 3.04 3.11 3.18 3.24 3.3 3.36 3.42 3.47 3.53 3.57 3.62 3.66 3.7 3.75 3.78 3.82 3.85 3.88 3.9 3.93 3.96 3.99 4 4.02 4.04 4.05 4.06 4.07 4.08 4.1 4.1 4.1 4.11
-2.93 -2.83 -2.73 -2.62 -2.52 -2.41 -2.3 -2.19 -2.08 -1.96 -1.83 -1.71 -1.59 -1.47 -1.34 -1.21 -1.08 -0.96 -0.83 -0.69 -0.56 -0.43 -0.3 -0.17 -0.04 0.09 0.21 0.35 0.48 0.61 0.73 0.86 0.9899999 1.12 1.23 1.35 1.48 1.6 1.72 1.84 1.96 2.08 2.18 2.28 2.38 2.47 2.58 2.67 2.77 2.85 2.93 3.01 3.09 3.15 3.23 3.3 3.36 3.41 3.47 3.53 3.58 3.62 3.66 3.71 3.74 3.77 3.81 3.83 3.86 3.88 3.9 3.92 3.93 3.94 3.96 3.96 3.97 3.97 3.97 3.97
-4.25 -4.15 -4.04 -3.93 -3.82 -3.7 -3.57 -3.43 -3.32 -3.2 -3.06 -2.92 -2.79 -2.66 -2.52 -2.39 -2.26 -2.12 -1.97 -1.83 -1.68 -1.54 -1.39 -1.24 -1.09 -0.94 -0.78 -0.63 -0.47 -0.32 -0.17 -0.02 0.14 0.29 0.44 0.6 0.74 0.89 1.04 1.19 1.33 1.47 1.6 1.73 1.86 1.99 2.11 2.23 2.35 2.46 2.58 2.68 2.78 2.86 2.96 3.03 3.12 3.2 3.26 3.33 3.39 3.45 3.5 3.56 3.6 3.63 3.67 3.7 3.73 3.75 3.78 3.79 3.8 3.82 3.82 3.83 3.83 3.82 3.82 3.81
-5.38 -5.28 -5.17 -5.08 -4.97 -4.87 -4.74 -4.62 -4.49 -4.37 -4.25 -4.11 -3.97 -3.83 -3.68 -3.54 -3.39 -3.24 -3.09 -2.94 -2.78 -2.63 -2.47 -2.31 -2.15 -1.99 -1.82 -1.66 -1.49 -1.32 -1.16 -0.9899999 -0.81 -0.63 -0.46 -0.29 -0.12 0.06 0.23 0.4 0.57 0.74 0.9 1.07 1.23 1.39 1.55 1.7 1.85 1.99 2.13 2.26 2.39 2.51 2.63 2.74 2.85 2.94 3.03 3.11 3.19 3.26 3.33 3.38 3.43 3.48 3.51 3.55 3.58 3.61 3.63 3.65 3.66 3.67 3.67 3.67 3.67 3.66 3.65 3.64
-6.22 -6.12 -6.04 -5.94 -5.84 -5.73 -5.63 -5.54 -5.42 -5.3 -5.19 -5.06 -4.94 -4.81 -4.67 -4.53 -4.39 -4.24 -4.09 -3.94 -3.78 -3.62 -3.45 -3.28 -3.12 -2.95 -2.78 -2.61 -2.44 -2.26 -2.09 -1.91 -1.73 -1.55 -1.37 -1.18 -1 -0.81 -0.63 -0.44 -0.26 -0.08 0.11 0.29 0.48 0.66 0.84 1.03 1.21 1.39 1.56 1.74 1.9 2.06 2.22 2.37 2.5 2.63 2.75 2.86 2.96 3.04 3.13 3.19 3.26 3.31 3.36 3.41 3.44 3.47 3.49 3.51 3.52 3.53 3.53 3.53 3.52 3.51 3.5 3.48
-6.84 -6.78 -6.7 -6.62 -6.52 -6.42 -6.33 -6.24 -6.15 -6.05 -5.94 -5.82 -5.7 -5.58 -5.45 -5.32 -5.18 -5.05 -4.91 -4.75 -4.59 -4.44 -4.28 -4.12 -3.96 -3.79 -3.62 -3.44 -3.27 -3.09 -2.92 -2.74 -2.56 -2.38 -2.2 -2.02 -1.83 -1.64 -1.45 -1.26 -1.06 -0.87 -0.68 -0.48 -0.28 -0.09 0.11 0.31 0.5 0.71 0.9 1.1 1.29 1.48 1.67 1.84 2.02 2.18 2.34 2.48 2.61 2.74 2.84 2.94 3.02 3.1 3.17 3.22 3.27 3.3 3.34 3.36 3.37 3.38 3.39 3.39 3.38 3.37 3.35 3.33
-7.16 -7.11 -7.06 -7 -6.93 -6.86 -6.77 -6.69 -6.63 -6.55 -6.47 -6.38 -6.28 -6.18 -6.07 -5.95 -5.81 -5.68 -5.55 -5.41 -5.28 -5.12 -4.97 -4.82 -4.67 -4.51 -4.34 -4.17 -4 -3.82 -3.64 -3.46 -3.27 -3.09 -2.9 -2.72 -2.54 -2.36 -2.17 -1.98 -1.79 -1.6 -1.41 -1.21 -1.01 -0.82 -0.62 -0.42 -0.22 -0.02 0.19 0.39 0.6 0.81 1.02 1.23 1.43 1.63 1.82 2 2.18 2.34 2.48 2.61 2.72 2.82 2.91 2.98 3.05 3.1 3.13 3.17 3.19 3.2 3.21 3.21 3.21 3.19 3.18 3.16
-7.23 -7.2 -7.16 -7.13 -7.08 -7.01 -6.96 -6.91 -6.86 -6.82 -6.75 -6.68 -6.6 -6.53 -6.46 -6.36 -6.25 -6.14 -6.05 -5.93 -5.8 -5.68 -5.54 -5.39 -5.24 -5.09 -4.94 -4.78 -4.62 -4.46 -4.29 -4.12 -3.94 -3.75 -3.56 -3.38 -3.19 -3 -2.81 -2.62 -2.44 -2.25 -2.06 -1.86 -1.67 -1.47 -1.28 -1.08 -0.89 -0.68 -0.49 -0.28 -0.07 0.14 0.35 0.58 0.79 1.01 1.23 1.45 1.65 1.85 2.04 2.2 2.35 2.49 2.59 2.69 2.77 2.83 2.88 2.92 2.95 2.97 2.98 2.99 2.99 2.99 2.98 2.97
-6.9 -6.9 -6.88 -6.85 -6.85 -6.85 -6.83 -6.81 -6.78 -6.75 -6.72 -6.69 -6.67 -6.63 -6.57 -6.51 -6.45 -6.4 -6.32 -6.24 -6.14 -6.05 -5.94 -5.82 -5.7 -5.56 -5.42 -5.29 -5.14 -4.99 -4.84 -4.68 -4.52 -4.36 -4.18 -3.99 -3.81 -3.62 -3.43 -3.24 -3.05 -2.86 -2.67 -2.48 -2.28 -2.09 -1.9 -1.7 -1.51 -1.32 -1.12 -0.92 -0.71 -0.5 -0.29 -0.06 0.16 0.39 0.62 0.86 1.09 1.32 1.53 1.74 1.93 2.09 2.22 2.32 2.4 2.48 2.54 2.58 2.62 2.66 2.68 2.7 2.71 2.72 2.72 2.72
-6.35 -6.36 -6.38 -6.39 -6.4 -6.41 -6.43 -6.44 -6.45 -6.47 -6.48 -6.48 -6.46 -6.45 -6.42 -6.4 -6.38 -6.35 -6.31 -6.27 -6.23 -6.18 -6.11 -6.04 -5.95 -5.86 -5.75 -5.63 -5.5 -5.37 -5.25 -5.11 -4.97 -4.83 -4.68 -4.52 -4.36 -4.19 -4.01 -3.83 -3.64 -3.45 -3.27 -3.08 -2.88 -2.69 -2.5 -2.31 -2.12 -1.93 -1.74 -1.55 -1.34 -1.14 -0.94 -0.72 -0.49 -0.26 -0.02 0.23 0.48 0.73 0.97 1.19 1.4 1.59 1.74 1.85 1.94 2.01 2.06 2.12 2.16 2.2 2.23 2.27 2.31 2.33 2.37 2.39
-5.81 -5.85 -5.87 -5.88 -5.92 -5.95 -5.98 -6 -6.05 -6.09 -6.13 -6.15 -6.19 -6.21 -6.22 -6.22 -6.22 -6.21 -6.2 -6.18 -6.17 -6.14 -6.1 -6.06 -6.01 -5.96 -5.89 -5.82 -5.72 -5.62 -5.51 -5.4 -5.27 -5.16 -5.03 -4.89 -4.76 -4.61 -4.46 -4.3 -4.14 -3.97 -3.79 -3.62 -3.45 -3.26 -3.08 -2.9 -2.72 -2.53 -2.34 -2.16 -1.98 -1.78 -1.59 -1.38 -1.17 -0.95 -0.72 -0.48 -0.23 0.01 0.27 0.51 0.73 0.92 1.08 1.2 1.29 1.34 1.39 1.44 1.49 1.54 1.61 1.67 1.74 1.81 1.87 1.93
-5.28 -5.33 -5.38 -5.43 -5.47 -5.51 -5.56 -5.6 -5.66 -5.7 -5.76 -5.81 -5.86 -5.91 -5.96 -6.01 -6.05 -6.06 -6.07 -6.07 -6.06 -6.04 -6.04 -6 -5.98 -5.94 -5.91 -5.88 -5.83 -5.76 -5.69 -5.61 -5.51 -5.41 -5.3 -5.19 -5.06 -4.94 -4.8 -4.67 -4.53 -4.38 -4.23 -4.07 -3.92 -3.75 -3.6 -3.43 -3.26 -3.09 -2.91 -2.74 -2.57 -2.4 -2.22 -2.05 -1.86 -1.66 -1.46 -1.25 -1.02 -0.79 -0.55 -0.32 -0.09 0.09999999 0.26 0.38 0.47 0.54 0.59 0.64 0.69 0.77 0.85 0.95 1.05 1.17 1.27 1.37
-4.94 -4.96 -5 -5.03 -5.08 -5.13 -5.18 -5.25 -5.3 -5.37 -5.44 -5.51 -5.59 -5.65 -5.72 -5.77 -5.83 -5.87 -5.89 -5.91 -5.92 -5.93 -5.93 -5.92 -5.91 -5.9 -5.88 -5.85 -5.83 -5.8 -5.77 -5.73 -5.66 -5.6 -5.51 -5.41 -5.32 -5.21 -5.1 -4.98 -4.85 -4.72 -4.59 -4.46 -4.32 -4.18 -4.03 -3.89 -3.75 -3.6 -3.45 -3.28 -3.14 -2.99 -2.84 -2.68 -2.52 -2.35 -2.19 -2.01 -1.83 -1.64 -1.44 -1.24 -1.04 -0.85 -0.68 -0.55 -0.43 -0.33 -0.26 -0.18 -0.11 -0.02 0.09 0.22 0.36 0.5 0.64 0.79
-4.85 -4.87 -4.88 -4.88 -4.89 -4.91 -4.93 -4.96 -5 -5.05 -5.12 -5.2 -5.29 -5.37 -5.47 -5.55 -5.61 -5.67 -5.72 -5.76 -5.79 -5.81 -5.82 -5.84 -5.85 -5.84 -5.82 -5.8 -5.78 -5.76 -5.74 -5.72 -5.69 -5.67 -5.62 -5.56 -5.49 -5.42 -5.33 -5.23 -5.13 -5.01 -4.9 -4.79 -4.66 -4.55 -4.43 -4.31 -4.17 -4.04 -3.91 -3.78 -3.64 -3.51 -3.39 -3.25 -3.12 -2.97 -2.84 -2.7 -2.55 -2.41 -2.25 -2.09 -1.93 -1.77 -1.62 -1.47 -1.32 -1.2 -1.07 -0.95 -0.84 -0.72 -0.58 -0.44 -0.28 -0.12 0.05 0.22
-4.77 -4.8 -4.82 -4.83 -4.84 -4.85 -4.84 -4.83 -4.83 -4.85 -4.9 -4.96 -5.04 -5.12 -5.21 -5.3 -5.38 -5.45 -5.51 -5.57 -5.62 -5.67 -5.72 -5.74 -5.75 -5.76 -5.76 -5.75 -5.74 -5.74 -5.72 -5.7 -5.68 -5.66 -5.64 -5.61 -5.58 -5.54 -5.49 -5.42 -5.34 -5.25 -5.16 -5.05 -4.95 -4.85 -4.76 -4.66 -4.56 -4.46 -4.34 -4.23 -4.13 -4.02 -3.91 -3.8 -3.69 -3.57 -3.44 -3.32 -3.19 -3.06 -2.93 -2.8 -2.66 -2.52 -2.38 -2.24 -2.09 -1.95 -1.8 -1.65 -1.5 -1.35 -1.19 -1.03 -0.86 -0.69 -0.5 -0.32
-4.69 -4.71 -4.74 -4.76 -4.77 -4.77 -4.77 -4.77 -4.77 -4.78 -4.8 -4.84 -4.9 -4.97 -5.05 -5.13 -5.21 -5.27 -5.34 -5.41 -5.47 -5.53 -5.58 -5.63 -5.65 -5.65 -5.64 -5.63 -5.62 -5.62 -5.63 -5.64 -5.64 -5.63 -5.63 -5.61 -5.59 -5.58 -5.55 -5.52 -5.49 -5.43 -5.37 -5.3 -5.21 -5.13 -5.03 -4.94 -4.86 -4.78 -4.71 -4.61 -4.52 -4.46 -4.38 -4.3 -4.21 -4.11 -4.01 -3.9 -3.79 -3.68 -3.57 -3.44 -3.31 -3.18 -3.04 -2.91 -2.77 -2.62 -2.47 -2.31 -2.15 -1.98 -1.8 -1.62 -1.44 -1.25 -1.07 -0.88
-4.56 -4.59 -4.61 -4.63 -4.65 -4.66 -4.66 -4.67 -4.69 -4.71 -4.74 -4.78 -4.82 -4.88 -4.95 -5.02 -5.1 -5.18 -5.25 -5.3 -5.35 -5.4 -5.46 -5.49 -5.52 -5.55 -5.56 -5.55 -5.54 -5.54 -5.54 -5.54 -5.55 -5.56 -5.56 -5.56 -5.54 -5.54 -5.54 -5.54 -5.55 -5.53 -5.51 -5.48 -5.43 -5.37 -5.31 -5.23 -5.16 -5.09 -5.03 -4.95 -4.88 -4.79 -4.73 -4.67 -4.62 -4.55 -4.48 -4.41 -4.33 -4.24 -4.13 -4.03 -3.91 -3.8 -3.68 -3.56 -3.43 -3.28 -3.14 -2.98 -2.82 -2.64 -2.46 -2.27 -2.06 -1.84 -1.62 -1.38
-4.34 -4.35 -4.38 -4.41 -4.44 -4.47 -4.49 -4.52 -4.55 -4.59 -4.63 -4.69 -4.74 -4.8 -4.85 -4.93 -5 -5.08 -5.17 -5.21 -5.25 -5.3 -5.35 -5.41 -5.46 -5.47 -5.48 -5.49 -5.48 -5.47 -5.46 -5.47 -5.46 -5.46 -5.47 -5.48 -5.5 -5.52 -5.51 -5.52 -5.54 -5.55 -5.55 -5.54 -5.52 -5.5 -5.47 -5.43 -5.41 -5.38 -5.35 -5.31 -5.26 -5.2 -5.13 -5.03 -4.94 -4.87 -4.81 -4.74 -4.68 -4.62 -4.54 -4.47 -4.38 -4.3 -4.2 -4.11 -4.01 -3.89 -3.79 -3.69 -3.6 -3.49 -3.35 -3.18 -2.98 -2.8 -2.65 -2.53
-4.23 -4.25 -4.27 -4.28 -4.3 -4.31 -4.32 -4.33 -4.35 -4.38 -4.44 -4.51 -4.59 -4.68 -4.75 -4.82 -4.87 -4.94 -5 -5.05 -5.1 -5.16 -5.22 -5.27 -5.32 -5.34 -5.35 -5.36 -5.35 -5.35 -5.35 -5.37 -5.38 -5.39 -5.41 -5.41 -5.42 -5.43 -5.46 -5.49 -5.5 -5.51 -5.51 -5.5 -5.49 -5.48 -5.47 -5.46 -5.46 -5.47 -5.48 -5.51 -5.52 -5.53 -5.52 -5.49 -5.43 -5.35 -5.24 -5.12 -5.01 -4.91 -4.83 -4.74 -4.65 -4.55 -4.45 -4.33 -4.22 -4.11 -4.01 -3.9 -3.76 -3.56 -3.34 -3.15 -3.07 -3.11 -3.04 -2.8
-3.74 -3.85 -3.99 -4.09 -4.16 -4.2 -4.2 -4.18 -4.17 -4.16 -4.19 -4.24 -4.33 -4.44 -4.56 -4.66 -4.73 -4.78 -4.8 -4.82 -4.86 -4.9 -4.96 -5.04 -5.13 -5.18 -5.2 -5.18 -5.18 -5.17 -5.17 -5.19 -5.21 -5.21 -5.22 -5.23 -5.26 -5.27 -5.29 -5.32 -5.35 -5.37 -5.39 -5.4 -5.42 -5.42 -5.42 -5.43 -5.43 -5.43 -5.46 -5.5 -5.53 -5.57 -5.61 -5.64 -5.67 -5.68 -5.68 -5.65 -5.59 -5.48 -5.35 -5.18 -5.05 -4.93 -4.81 -4.67 -4.52 -4.35 -4.15 -3.93 -3.67 -3.37 -3.06 -2.8 -2.67 -2.53 -2.8 -2.58
-3.18 -3.27 -3.41 -3.57 -3.74 -3.9 -4 -4.07 -4.1 -4.1 -4.1 -4.12 -4.15 -4.21 -4.29 -4.32 -4.4 -4.46 -4.52 -4.56 -4.61 -4.63 -4.68 -4.74 -4.81 -4.88 -4.95 -5.02 -5.02 -5.02 -5.02 -4.99 -4.98 -5 -5 -5.01 -5.03 -5.05 -5.06 -5.07 -5.09 -5.13 -5.17 -5.21 -5.25 -5.28 -5.31 -5.33 -5.35 -5.37 -5.39 -5.42 -5.46 -5.52 -5.57 -5.6 -5.65 -5.68 -5.71 -5.75 -5.77 -5.76 -5.74 -5.67 -5.57 -5.44 -5.34 -5.23 -5.13 -5.02 -4.9 -4.77 -4.61 -4.43 -4.2 -3.94 -3.62 -3.29 -3 -2.81
-2.89 -2.92 -2.96 -3.03 -3.11 -3.21 -3.35 -3.49 -3.64 -3.78 -3.89 -3.95 -4.01 -4.03 -4.03 -4.03 -4.04 -4.07 -4.12 -4.2 -4.27 -4.33 -4.39 -4.45 -4.5 -4.55 -4.59 -4.63 -4.69 -4.76 -4.79 -4.8 -4.77 -4.73 -4.74 -4.72 -4.71 -4.72 -4.72 -4.72 -4.77 -4.84 -4.91 -4.97 -5.03 -5.08 -5.12 -5.17 -5.21 -5.26 -5.32 -5.37 -5.42 -5.48 -5.54 -5.59 -5.65 -5.69 -5.73 -5.75 -5.75 -5.74 -5.72 -5.68 -5.59 -5.53 -5.46 -5.39 -5.34 -5.31 -5.29 -5.28 -5.26 -5.24 -5.2 -5.09 -4.88 -4.54 -4.12 -3.67
-3.03 -2.99 -2.96 -2.92 -2.89 -2.86 -2.86 -2.9 -2.98 -3.1 -3.22 -3.37 -3.5 -3.6 -3.67 -3.7 -3.74 -3.78 -3.82 -3.86 -3.92 -3.99 -4.03 -4.06 -4.1 -4.14 -4.19 -4.23 -4.27 -4.3 -4.35 -4.42 -4.48 -4.54 -4.55 -4.53 -4.47 -4.46 -4.43 -4.43 -4.47 -4.54 -4.62 -4.7 -4.79 -4.86 -4.9 -4.94 -4.99 -5.05 -5.13 -5.22 -5.3 -5.38 -5.45 -5.54 -5.62 -5.71 -5.79 -5.84 -5.89 -5.9 -5.88 -5.84 -5.74 -5.65 -5.55 -5.45 -5.28 -5.02 -4.69 -4.42 -4.29 -4.31 -4.29 -3.92 -3.1 -2.57 -2.4 -2.84
-3.46 -3.34 -3.23 -3.12 -3.02 -2.92 -2.8 -2.71 -2.62 -2.55 -2.52 -2.54 -2.6 -2.72 -2.85 -3.01 -3.15 -3.27 -3.36 -3.43 -3.49 -3.56 -3.61 -3.65 -3.68 -3.71 -3.73 -3.78 -3.82 -3.85 -3.9 -3.92 -3.97 -4.05 -4.15 -4.22 -4.3 -4.33 -4.33 -4.25 -4.24 -4.27 -4.32 -4.38 -4.45 -4.54 -4.61 -4.68 -4.75 -4.82 -4.9 -4.97 -5.06 -5.17 -5.26 -5.37 -5.48 -5.58 -5.69 -5.77 -5.83 -5.87 -5.89 -5.95 -5.92 -5.93 -5.85 -5.69 -5.34 -4.88 -4.48 -4.5 -4.85 -5.32 -5 -5.45 -4.93 -3.85 -2.34 -0.9899999
-4.12 -3.97 -3.81 -3.64 -3.47 -3.3 -3.13 -2.96 -2.77 -2.59 -2.41 -2.24 -2.1 -1.98 -1.93 -1.92 -1.99 -2.13 -2.34 -2.56 -2.76 -2.87 -2.94 -3 -3.05 -3.12 -3.2 -3.27 -3.28 -3.32 -3.41 -3.44 -3.5 -3.57 -3.67 -3.75 -3.82 -3.9 -4.06 -4.2 -4.34 -4.36 -4.27 -4.17 -4.17 -4.2 -4.26 -4.35 -4.43 -4.53 -4.61 -4.7 -4.78 -4.86 -4.94 -5.05 -5.18 -5.32 -5.45 -5.56 -5.64 -5.73 -5.79 -5.86 -5.97 -6.09 -6.15 -5.94 -5.53 -5.01 -4.76 -4.98 -5.27 -5.32 -4.77 -4.08 -4.32 -4.35 -2.94 -2.09
-4.11 -4 -3.88 -3.75 -3.6 -3.43 -3.25 -3.05 -2.85 -2.64 -2.44 -2.26 -2.08 -1.89 -1.71 -1.52 -1.33 -1.19 -1.15 -1.24 -1.45 -1.73 -1.99 -2.18 -2.28 -2.33 -2.36 -2.44 -2.53 -2.64 -2.74 -2.8 -2.91 -3.03 -3.15 -3.25 -3.32 -3.38 -3.47 -3.64 -3.8 -3.96 -4.11 -4.24 -4.32 -4.31 -4.2 -4.17 -4.22 -4.29 -4.36 -4.43 -4.49 -4.55 -4.63 -4.72 -4.82 -4.93 -5.04 -5.14 -5.23 -5.32 -5.44 -5.65 -5.99 -6.38 -6.6 -6.42 -5.9 -5.5 -5.57 -6.16 -6.84 -6.37 -6.31 -5.53 -5.19 -5.81 -5.5 -4.06
-2.99 -2.95 -2.92 -2.9 -2.88 -2.82 -2.73 -2.58 -2.38 -2.15 -1.91 -1.69 -1.5 -1.34 -1.24 -1.14 -1.04 -0.89 -0.7 -0.5 -0.38 -0.37 -0.51 -0.76 -1.04 -1.29 -1.45 -1.56 -1.65 -1.73 -1.84 -1.97 -2.1 -2.24 -2.35 -2.49 -2.62 -2.75 -2.89 -3.04 -3.16 -3.29 -3.45 -3.6 -3.75 -3.92 -4.05 -4.17 -4.28 -4.36 -4.41 -4.43 -4.44 -4.46 -4.48 -4.5 -4.59 -4.69 -4.74 -4.77 -4.81 -4.85 -4.9 -5.01 -5.21 -5.48 -5.62 -5.56 -5.47 -5.6 -5.85 -6.24 -6.52 -6.32 -6.59 -5.39 -5.08 -5.23 -4.85 -5.58
