docs/data/u_noaa.asc
ncols         720
nrows         361
xllcorner     -0.25
yllcorner     -90.25
cellsize      0.5
NODATA_value  -9999
[rows 36 to 71 of 361, columns 160 to 239 of 720]
8.77 8.69 9.139999 9.309999 9.01 8.4 7.59 7.41 7.25 7.05 6.82 6.5 6.1 5.39 4.62 3.71 2.84 2.18 1.86 1.82 1.95 2.43 3.2 3.8 4.04 4.11 4.28 4.61 4.93 5.16 5.07 4.89 4.76 4.75 4.76 4.72 4.6 4.36 4.13 4.02 3.99 3.97 3.63 3.38 3.2 3.14 3.29 3.64 4.02 4.27 4.75 4.81 4.89 4.9 4.89 4.89 4.74 4.39 3.99 3.17 2.2 1.33 0.7 0.57 0.96 1.52 2.09 2.24 1.82 1.36 1.2 1.31 1.52 1.75 1.97 2.14 2.14 1.85 1.41 0.75
8.74 8.52 8.309999 8.099999 8.01 7.99 8.47 8.5 7.98 7.75 7.42 7.19 7.09 7.02 6.85 6.53 5.94 5.32 4.86 4.58 4.36 3.95 3.7 3.74 4.06 4.4 4.62 4.81 5.03 5.35 5.77 6.31 6.58 6.49 6.34 6.22 6.07 5.73 5.46 5.15 4.98 4.87 4.48 3.86 3.78 3.78 3.84 4.11 4.77 5.48 5.54 5.25 4.64 4.39 4.56 4.94 4.75 4.71 4.93 4.93 4.4 3.34 1.99 0.88 0.31 0.53 1.53 2.21 2.14 1.67 1.41 1.47 1.62 1.75 1.94 2.17 2.3 2.04 1.42 0.7
8.599999 8.52 8.349999 8.139999 8.04 8.41 8.28 7.87 8.059999 8.2 7.79 7.27 7.11 7.25 7.35 7.27 7.05 6.96 7.16 7.42 7.7 7.94 7.94 7.81 7.63 7.44 7.34 7.25 6.99 6.73 6.63 6.8 7.05 7.29 7.19 7.05 6.73 6.34 5.92 5.53 5.24 4.9 4.71 4.99 5.31 4.8 4.74 4.65 4.49 4.27 4.3 4.66 5.03 5.35 5.77 6.23 5.89 5.59 5.18 5.05 5.06 4.83 4.07 2.6 1.36 0.78 1.11 1.51 1.59 1.64 1.86 2.04 2.12 2.16 2.15 2.13 2.09 1.84 1.33 0.8
8.599999 8.63 8.34 7.94 7.76 7.74 7.58 7.78 7.4 7.64 7.77 7.43 6.98 6.88 6.92 6.8 6.7 6.88 7.15 7.28 7.32 7.28 7.73 8.42 9.559999 10.29 10.74 10.88 9.9 8.55 7.2 6.23 6.43 6.95 5.88 6.24 5.57 5.55 5.59 6.02 6.12 5.73 4.1 3.88 4.49 4.62 3.86 2.6 2.61 2.75 3.14 3.25 3.2 3.78 4.26 4 3.71 4.04 4.82 5.38 5.8 5.98 5.11 3.27 1.35 0.57 1.09 1.69 1.83 1.74 1.68 1.7 2.03 2.29 2.36 2.21 1.87 1.39 0.98 0.6
8.29 8.45 8.15 7.79 7.66 7.64 7.54 7.28 7 6.92 6.88 6.66 6.27 6.13 6.29 6.15 5.34 4.12 3.29 2.19 1.29 1.33 2.25 4.33 7.73 9.84 9.96 8.78 7.12 4.86 3.14 3.1 3.16 3.68 5.22 7.04 8.5 8.95 8.07 6.46 5.67 5.38 5.03 4.92 5.16 4.66 3.48 2.67 2.58 2.4 2.58 3.22 3.94 3.65 3.33 2.69 2.31 2.57 4.4 5.83 5.18 3.32 2.43 1.86 1.57 1.5 1.9 2.34 2.26 1.98 2.01 2.14 2.09 2.02 2.16 2.17 1.92 1.35 0.78 0.09999999
7.62 7.57 7.27 7.07 7.12 7.23 7.14 6.86 6.54 6.42 6.47 6.25 5.76 5.54 5.76 5.6 4.25 2.27 0.74 -0.68 -1.58 -1.27 -0.81 -0.2 1.18 2.83 3.16 2.56 1.81 1.37 2.62 4.12 4.46 3.92 3.75 4.62 6.78 8.38 7.88 6.66 6.14 6.61 6.34 5.36 4.8 4.13 3.23 2.09 1.46 1.31 1.72 2.49 3.97 5.01 4.6 3 2.23 1.8 2.09 2.44 2.48 2.4 2.52 2.34 2.09 1.99 2.12 2.3 2.45 1.88 1.55 1.69 1.95 1.94 1.94 1.81 1.45 1.09 0.9 0.58
7.11 6.72 6.27 6.03 6.28 6.74 6.83 6.39 5.91 5.88 6.37 6.59 6.09 4.87 4.32 4.98 5.98 4.96 2.15 -0.13 -0.15 -0.11 -1.06 -1.85 -0.79 0.95 2.42 2.54 0.94 -0.24 1.34 3.33 3.71 2.86 1.98 1.98 2.77 4.71 7.14 7.34 6.02 4.39 3.6 3.8 3.66 3.61 3.48 2.91 2.25 1.85 1.95 2.28 2.66 2.81 2.73 2.49 2.54 2.82 3.19 3.59 3.52 3.3 2.99 2.46 2.45 2.79 2.75 2.49 2.31 2.32 2.47 2.48 2.15 1.97 1.93 1.76 1.52 1.18 0.98 0.85
6.49 6.28 5.98 5.84 6.03 6.33 6.16 5.56 5.28 5.57 6.34 6.85 6.02 4.19 3.19 3.93 5.6 6.32 5.87 4.84 3.35 1.8 -0.18 -1.43 -1.21 -0.3 0.85 2.59 2.23 0.79 0.86 2.37 2.84 2.86 2.71 1.81 0.64 1.13 2.26 3.69 4.11 3.26 2.7 2.33 2.16 2.19 2.27 3.16 3.67 3.5 3.07 2.86 3.16 3.32 2.98 2.6 2.51 2.52 2.64 2.73 2.59 2.48 2.85 2.78 2.34 2.16 2.34 2.57 2.37 2.47 2.35 2.15 2.27 2.19 2.08 1.7 1.55 1.7 1.59 1.17
6.33 5.98 5.59 5.54 5.8 5.9 5.46 4.69 4.34 4.74 5.58 6.18 5.48 3.92 3.62 4.36 5.15 5.61 5.28 3.8 2.31 1.3 0.53 -0.04 -0.55 -0.53 0.61 3.19 4.03 2.65 1.92 2.31 2.76 2.04 1.79 2.86 3.71 2.68 1.69 2.66 4.39 4.88 4.32 2.91 1.99 2.04 2.72 3.82 4.31 3.98 3.84 4.02 4.05 3.97 3.77 3.29 2.94 2.69 2.61 2.77 3.09 3.17 3.02 2.63 2.28 1.88 2.58 3.09 3.26 2.65 2.45 2.18 1.91 1.9 2.07 2.22 2.47 2.15 1.63 1.04
4.96 4.72 4.57 4.53 4.62 4.83 5.06 4.93 4.58 4.45 4.76 4.87 3.7 2.27 1.86 1.87 1.79 2.69 3.13 3.03 3.68 3.55 2.74 2.18 1.87 2 1.93 2.48 3.64 3.91 2.31 1.53 1.65 1.86 2.56 3.16 3.96 4.26 3.92 4.6 5.44 5.27 3.95 3.59 4.23 4.65 4.3 3.97 3.87 3.89 4.47 5.07 4.81 3.68 2.78 2.54 2.7 3.07 3.15 3.31 2.72 2.17 1.93 2.42 3.12 2.92 2.58 2.48 2.89 3.26 3.51 2.87 2.42 2.32 2.79 2.87 2.37 1.89 1.62 1.38
3.54 3.16 2.96 2.93 3.04 3.22 3.4 3.63 3.46 3.28 3.33 3.41 2.51 1.18 0.53 0.56 0.95 1.57 2.18 2.67 3.27 3.71 3 3.56 4.34 4.35 3.05 1.92 1.88 2.75 3.93 4.83 3.06 2.64 5.61 7.72 5.81 3.94 3.66 4.73 5.69 3.54 1.7 2.49 4.78 5.67 5.26 4.18 3.21 2.66 2.56 2.93 3.11 2.61 1.79 1.38 1.56 2.13 2.67 2.91 2.4 2.32 2.77 3.73 3.98 3.26 2.75 3.02 3.72 3.74 3.31 2.91 2.79 2.85 2.86 2.65 2.36 2.04 1.66 1.27
3.52 3.34 3.05 2.72 2.45 2.41 2.52 2.56 2.48 2.4 2.53 2.66 2.23 1.3 0.59 0.26 0.6 1.51 2.27 3.16 3.79 3.31 2.02 2.26 3.84 4.57 5.4 5.22 3 2.2 3.03 4.94 5.14 4.07 3.27 5.73 6.77 5.13 3.09 2.8 4.73 4.27 2.42 1.53 2.94 4.73 4.52 3.69 2.9 2.59 2.51 2.47 2.95 2.78 1.94 1.51 1.85 2.84 3.46 2.96 2.46 1.83 1.99 3.13 3.86 3.97 3.62 3.36 3.22 3.06 3.06 3.03 2.95 2.87 2.75 2.62 2.38 2.01 1.62 1.32
2.68 2.54 2.39 2.32 2.13 2.01 2.05 2.16 2.34 2.33 2.14 2 1.55 1.08 0.76 0.33 0.22 0.53 0.79 1.92 3.24 4.7 5.02 4.65 3.95 2.58 2.61 4.52 6.25 4.17 3.45 3.8 4.04 4.24 4.59 6.01 6.18 7.1 6 4.11 3.8 5.19 4.15 2.87 2.57 3.53 4.58 4.44 3.64 3.09 2.85 2.58 2.87 2.71 2.5 1.96 1.78 2.5 2.94 2.83 2.61 2.1 2.47 3.03 3.11 2.83 2.66 3.36 3.87 3.43 3.13 3.17 3.06 2.78 2.53 2.47 2.36 2.11 1.84 1.53
2.16 2.08 1.98 1.88 1.66 1.56 1.58 1.5 1.61 2.02 2.31 2.18 1.39 0.71 0.51 0.43 0.53 1.05 2.27 3.44 2.45 2.32 3.94 5.21 5.3 3.58 1.51 1.79 3.46 4.87 4.23 3.79 4.17 4.4 4.44 4.24 5.58 6.11 6.75 5.69 3.73 2.25 1.93 1.86 1.95 2.38 3.26 4.32 4.99 4.04 2.82 2.07 2.07 2.25 2.37 2.12 1.88 1.86 2.14 2.72 3.09 2.67 2.23 2.34 2.35 2.7 3.29 3.52 3.1 3.01 3.11 3.04 3 2.84 2.58 2.41 2.31 2.14 1.9 1.6
1.51 1.43 1.23 1.1 1.19 1.16 1.04 0.9899999 0.98 1.06 1.4 1.89 1.63 0.65 0.25 0.12 -0.14 -0.09 0.95 2.41 1.99 1.01 1.1 2.27 4.1 2.74 1.61 1.98 1.47 1.76 2.81 2.92 2.04 1.53 2.38 3.77 4.28 3.96 4.24 5.64 5.54 4.22 3.55 2.28 1.82 1.78 1.85 2.31 3.52 3.26 2.3 2.15 2.57 2.51 2.37 2.05 2.02 2.36 2.4 2.56 2.89 3.12 3.13 2.67 2.61 2.72 2.91 2.73 2.5 2.59 2.6 2.75 3.1 2.9 2.66 2.52 2.51 2.45 2.26 2.19
1.02 1.09 1.03 0.66 0.34 0.49 0.87 1.02 0.87 0.71 0.73 1.09 1.1 0.42 0.09999999 0.04 -0.05 0.09 0.2 0.94 1.88 1.6 1.28 1.78 2.13 1.52 0.79 1.05 1.18 1 1.15 1.42 1.84 2.17 1.74 1.75 2.06 2.62 3.42 2.88 2.11 1.53 2 2.55 2.97 3.68 3.54 3.02 2.87 2.61 2.28 2.48 2.54 2.26 2.18 2.13 2.74 3.17 3.49 2.76 2.49 2.88 3.33 3.36 3.27 3.25 3.21 3.06 2.95 3.02 3.18 3.1 2.99 2.79 2.61 2.71 2.73 2.61 2.47 2.5
0.72 0.61 0.29 -0.17 -0.63 -0.65 -0.12 0.38 0.64 0.67 0.46 0.39 0.45 0 -0.22 -0.14 -0.24 -0.09999999 -0.02 0.34 0.9899999 0.82 0.75 1.45 2.36 2.58 2.42 2.26 1.65 1.5 1.46 0.97 0.88 1.35 1.78 1.96 1.52 1.55 2.57 3.05 2.25 1.69 1.82 1.96 2.18 2.37 2.02 1.5 2.01 2.57 2.4 2.03 2.15 2.14 1.87 1.84 2.24 3.04 3.21 2.61 2.45 3.02 3.33 3.33 3.32 3.45 3.22 3.24 3.2 3.2 3.19 3.1 3.08 2.79 2.74 2.81 2.78 2.79 2.71 2.55
0.49 0.5 0.37 0.26 0.13 -0.04 -0.04 0.2 0.46 0.65 0.57 0.26 0.21 -0.07 -0.39 -0.45 -0.65 -0.31 0.21 0.04 0.15 0.83 1.02 0.64 0.53 1.22 2.03 2.45 2.18 1.9 1.75 1.4 1.69 1.61 1.49 2.08 2.18 2.07 1.53 2.47 2.64 1.96 2.45 3.75 3.67 2.9 2.18 2 2.1 2.2 1.97 2.12 3.04 2.91 2.25 2.36 3.12 3.43 3.28 3.07 3.31 3.5 3.34 3.22 3.33 3.39 3.57 3.65 3.37 3.34 3.25 3.02 3.21 2.99 2.95 3.13 3 2.86 2.91 3.08
-0.2 -0.09999999 -0.06 -0.01 0.23 0.51 0.52 0.4 0.32 0.34 0.6 0.61 0.44 0.45 0.17 -0.39 -0.94 -0.88 -0.4 -0.14 0.15 0.32 0.54 0.9 1.19 1.01 1.5 2.57 2.09 1.6 1.72 1.76 1.72 1.99 2.72 3.31 2.91 2.27 1.75 1.77 1.81 1.89 1.88 1.9 1.91 2.07 1.91 1.85 2.16 2.37 3.19 3.49 3.63 3.7 3.67 3.81 3.71 3.43 3.81 3.85 3.91 4.11 4.24 3.92 3.93 3.97 3.99 4.04 4.21 4.27 3.88 3.81 3.77 3.46 3.27 2.9 3.22 3.41 3.49 3.52
-0.57 -0.58 -0.59 -0.59 -0.49 -0.2 0.19 0.43 0.45 0.08 -0.36 -0.17 0.22 0.07 0.16 0.53 0.5 0.08 -0.44 -0.44 -0.05 -0.2 -0.38 0.21 0.69 0.73 1.07 1.37 1.35 1.49 1.93 2.08 2.79 2.96 2.95 4.11 4.21 3.21 2.29 2.41 2.18 1.77 1.5 1.73 2.25 2.59 1.94 1.81 2.89 3.91 3.92 3.33 3.19 3.77 4.26 4.1 3.31 3.2 3.79 4.13 4.17 4.34 4.71 4.59 4.78 4.9 4.98 5.06 4.93 4.81 4.73 4.04 3.98 4.03 3.65 3.13 3.44 3.89 3.74 3.77
-0.38 -0.43 -0.47 -0.57 -0.62 -0.58 -0.4 -0.15 0.06 0.12 -0.12 -0.19 -0.39 -0.71 -0.28 -0.01 0.09999999 0.4 0.24 -0.4 -0.17 0.32 0.39 0.31 0.35 0.49 1.04 1.26 0.93 1.02 1.15 1.56 1.66 2.58 3.8 3.51 3.23 3.76 3.96 3.94 3.85 3.39 2.93 2.51 2.73 3.17 3.17 2.79 3.45 3.87 3.52 3.21 3.56 3.99 4.11 4 3.65 3.97 4.51 4.43 4.39 4.84 5.09 5.24 5.36 5.06 5.18 5.27 5.3 5.57 5.76 5.45 4.47 3.95 4.02 3.78 4.07 4.22 4.06 4.05
0.18 -0.06 -0.26 -0.39 -0.46 -0.49 -0.49 -0.46 -0.4 -0.29 -0.18 -0.05 -0.07 -0.36 -0.44 -0.29 -0.28 -0.37 -0.09999999 0.18 0.13 0.41 0.42 0.18 0.27 0.77 0.26 0.68 1.47 1.29 1.27 1.61 1.8 1.31 1.54 2.09 3.19 3.59 3.65 3.69 3.75 3.38 3.35 3.38 3.43 3.59 3.51 3.42 3.58 3.68 3.66 3.75 3.89 4.07 4.19 4.01 3.8 4.22 4.58 4.67 4.92 5.38 5.76 5.91 6.04 5.77 5.76 5.8 5.44 5.43 5.66 5.26 5.17 4.94 4.6 4.44 4.33 4.34 4.34 4.21
0.6 0.39 0.21 0.01 -0.2 -0.39 -0.34 -0.26 -0.28 -0.26 -0.19 -0.23 -0.37 -0.55 -0.65 -0.57 -0.43 -0.37 -0.3 -0.39 -0.2 0.27 0.42 0.62 0.53 0.58 0.62 1.16 1.25 0.81 1.31 1.88 1.65 1.77 1.77 1.75 2.81 3.7 3.64 3.32 3.42 3.28 3.19 3.38 3.26 3.04 3.15 3.34 3.49 3.76 3.94 4.06 4.3 4.37 4.31 4.29 4.23 4.61 4.97 5 5.16 5.48 5.86 6.03 5.88 6.02 6 5.6 5.77 5.73 5.64 5.47 5.75 5.59 4.76 4.64 4.74 4.38 4.2 4.33
0.65 0.5 0.33 0.09999999 -0.11 -0.23 -0.22 -0.2 -0.21 -0.25 -0.21 -0.04 0.08 0.03 -0.13 -0.3 -0.48 -0.6 -0.5 -0.47 -0.76 -0.49 0.25 0.7 0.6 0.5 0.77 1.44 1.93 1.59 1.62 1.86 1.91 1.92 1.78 1.87 2.55 3.11 2.98 2.86 2.85 2.91 2.93 3.09 2.95 2.95 3.29 3.34 3.41 3.74 4.23 4.52 4.69 4.6 4.51 4.52 4.63 4.99 5.08 5.16 5.56 5.7 5.65 5.48 5.62 5.96 5.84 5.84 5.81 5.84 6.47 6.61 6.07 5.5 5.16 5.17 5.29 5.13 4.92 4.71
0.5 0.31 0.12 0 -0.09 -0.26 -0.33 -0.25 -0.11 -0.06 -0.11 -0.13 -0.04 0.14 0.31 0.35 0.32 0.22 0 -0.14 -0.27 -0.62 -0.51 0.07 0.58 0.58 1.04 1.17 1.15 1.31 1.62 1.62 1.7 1.86 1.76 2.8 2.85 3.16 3.57 3.45 3.2 3.13 3.08 3.21 3.41 3.39 3.37 3.43 3.64 3.75 4.06 4.32 4.62 4.69 4.84 4.74 4.6 4.98 5.24 5.36 5.47 5.48 5.65 5.63 5.43 5.82 5.97 5.88 6.46 7.12 7.26 7.76 7.49 6.67 3.64 3.67 4.54 3.85 4.13 4.81
0.58 0.31 0.09999999 0 -0.16 -0.31 -0.33 -0.32 -0.28 -0.19 -0.12 -0.08 -0.04 -0.03 0.02 0.11 0.25 0.37 0.37 0.31 0.19 -0.08 -0.53 -0.43 0.02 0.5 1.08 0.88 0.63 0.73 1.32 1.33 1.74 2.58 2.29 2.23 2.55 2.97 3.13 2.84 2.91 3.14 3.24 3.11 3.17 3.2 3.16 3.32 3.45 3.66 3.88 4.39 5.04 4.81 4.72 4.85 4.72 4.92 5.05 5.25 5.37 5.45 5.54 5.42 5.27 5.28 5.68 6.61 6.95 6.77 7.42 8.09 8.49 5.88 2.37 2.91 2.66 2.22 2.37 2.63
0.65 0.53 0.36 0.12 -0.15 -0.34 -0.43 -0.44 -0.39 -0.36 -0.24 -0.15 -0.09999999 -0.09 -0.04 -0.04 -0.04 0.05 0.15 0.33 0.43 0.36 0.26 -0.13 -0.19 0.53 0.7 0.42 1.13 1.75 1.19 0.9899999 1.73 2.73 2.45 2.41 3 2.93 2.68 3.17 3.66 3.64 3.29 3.2 3.29 3.11 3.03 3.29 3.5 3.87 4.11 4.21 4.62 4.48 4.47 4.98 5.07 4.88 5.12 5.22 5.52 5.59 5.41 5.2 5.45 5.38 5.78 6.68 6.49 7.62 8.33 8.25 5.83 5.64 5.74 4.07 4.26 3.65 3.57 3.61
0.91 0.81 0.77 0.79 0.37 -0.02 -0.14 -0.19 -0.22 -0.3 -0.3 -0.28 -0.25 -0.18 -0.18 -0.06 -0.01 -0.09999999 -0.02 0.09 0.19 0.39 0.56 0.7 0.57 0.41 0.84 1.08 1.04 1.12 1.02 1.16 1.76 2.32 1.98 2.28 2.89 2.76 3.1 2.91 2.93 3.22 3.37 3.59 3.45 3.43 3.43 3.67 3.97 3.99 3.58 4.18 4.42 4.47 4.63 5 5.16 4.91 5.22 5.15 5.51 6.07 5.64 5.49 6.22 6.39 5.25 6.31 6.99 7.17 7.44 6.46 5.53 6.59 8.66 4.97 1.9 3.09 5.81 4.4
1.16 0.96 0.95 1.07 1 0.8 0.57 0.21 0.06 0.03 -0.16 -0.35 -0.3 -0.21 -0.15 -0.11 -0.04 -0.06 0 0.13 0.27 0.32 0.52 0.76 0.9 1.05 1.18 1.28 1.62 1.55 1.57 2.42 3.06 3 2.92 2.8 3.06 3.25 3.09 3.06 3.29 3.27 3.59 3.8 3.8 3.79 3.92 4.15 4.05 3.94 4.1 4.38 4.59 4.68 4.98 4.95 4.74 5 5.51 5.89 6.33 6.58 6.42 6.46 7.16 6.44 6.07 6.18 5.94 6.13 6.24 6.11 6.85 6.58 7.58 7.02 1.68 2.26 6.09 4.82
1.44 1.44 1.2 1.19 1.16 1.16 1.18 0.98 0.6 0.52 0.73 0.39 -0.01 -0.04 -0.01 -0.12 0.03 0.14 0.13 0.15 0.14 0.23 0.51 0.7 0.92 1.12 1.2 1.29 1.68 1.86 1.78 2.31 2.65 2.69 2.68 2.85 2.96 3.21 3.35 3.18 3.38 3.75 3.85 3.82 3.92 4.73 4.45 4.11 3.98 4.01 4.3 4.65 4.85 4.89 4.99 4.69 4.62 5.32 5.78 7.1 7.8 7.09 7.21 6.84 5.36 5.36 6.99 7.6 4.84 5.63 4.46 1.97 2.45 1.7 3.13 3.42 2.77 1.71 1.71 1.34
1.77 1.67 1.55 1.46 1.29 1.24 1.31 1.24 1.04 0.76 0.96 1.24 0.97 0.73 0.69 0.65 0.66 0.63 0.6 0.58 0.57 0.51 0.63 0.84 0.91 1.11 0.86 0.57 1.9 2.3 1.67 2.06 2.3 2.45 2.56 2.67 2.97 3.38 3.29 3.57 4.02 4.14 4.04 4.46 4.13 4.31 4.19 3.96 4.23 4.58 4.51 4.55 4.67 4.64 4.75 4.92 4.3 4.36 4.58 6.43 6.78 6.83 7.86 7.43 6.04 5.92 6 5.69 4.14 4.3 3.72 1.63 1.15 1.67 2.45 3.02 1.04 -0.65 0.87 1.43
1.65 1.66 1.77 1.77 1.55 1.4 1.31 1.26 1.17 1.22 1 1.34 1.32 1.31 1.61 1.6 1.81 1.77 1.37 0.95 1.01 0.9 1.16 1.65 1.83 1.98 1.26 0.89 1.25 2.49 2.28 1.5 1.77 2.41 2.67 2.79 3.01 3.23 3.36 3.62 3.77 3.99 4.03 3.59 3.76 4.03 3.8 3.91 4.01 4.38 4.74 4.63 4.53 4.61 5.11 3.61 1.56 2.6 3.9 5.71 5.53 4.43 3.78 3.42 0.57 0.21 1.9 3.12 2.93 -0.19 -1.01 -1.13 -0.24 1.15 2.9 3.52 1.47 1.39 1.91 1
1.62 1.6 1.59 1.66 1.68 1.67 1.65 1.6 1.45 1.58 1.16 1.48 1.77 2.15 2.71 2.39 2.05 1.63 0.43 -0.19 -0.03 0.11 0.5 0.97 1.6 1.51 1.24 1.83 2.59 2.63 2.47 2.55 2.52 2.9 3.16 3.21 3.14 3.34 3.63 3.55 3.8 4.41 4.64 4.17 4.32 4.21 5.02 4.6 4.3 4.4 5.08 4.48 4.44 5.33 5.17 1.43 -0.51 1.37 3.1 2.63 2.99 4.94 4.61 2.28 1.46 2.66 3.01 2.53 2.96 2.72 0.63 -0.24 0.05 0.6 1.79 1.39 1.47 2.1 1.92 0.95
1.99 1.56 1.53 1.73 2.16 1.99 1.8 1.6 1.48 1.43 1.57 1.72 0.91 0.75 1.45 1.8 1.77 1.56 0.51 -0.31 -0.31 -0.37 0.03 0.23 0.66 0.79 1.57 2.03 2.85 2.87 2.38 2.18 2.56 3.37 4.15 4.41 3.93 3.58 3.37 3.24 4.08 4.37 3.92 4.16 4.31 4.19 4.27 4.39 4.63 4.81 5.23 4.7 4.75 5.09 4.17 1.79 -0.2 2.03 3.91 3.56 3.27 4.71 2.8 1.85 2.87 3.11 3.13 1.85 1.94 2.72 1.93 -0.35 -1.54 0.4 0.5 1.44 1.96 2.18 2.53 2.05
1.7 1.7 1.72 1.87 2.24 1.68 0.96 1.45 1.76 1.72 1.27 0.55 0.25 0.2 0.13 0.43 1.48 1.85 1.3 -0.19 -0.58 -0.31 -0.15 0.32 0.29 0.74 1.28 1.41 1.63 1.97 1.29 1.01 1.13 1.74 2.86 3.77 5.06 5.32 3.53 3.49 4.12 3.46 3.48 4.22 3.84 4.16 4.1 4.3 5.16 5.14 4.44 4.39 5.24 4.74 3.55 3.43 1.79 2.71 5.15 3.41 2.8 3.25 0.8 1.74 4.57 2.07 3.13 3.11 3.08 2.09 0.34 0.06 0.02 0.89 0.82 1.49 2.18 2.73 2.26 2.02
2.17 2.09 2.02 2.14 2.08 1.69 1.28 0.73 0.48 0.82 1.65 2.06 0.87 -0.81 -0.45 0.28 0 1.38 1.81 0.87 -0.22 -1.21 -1.76 -1.34 -0.5 -0.51 -0.4 -0.03 0.07 0.66 1.79 2.66 2.55 2.43 2.12 0.96 1.63 3.11 2.14 1.95 3.03 3.4 3.95 3.93 3.36 4.06 3.63 3.9 4.72 4.36 4.34 4.53 5.06 4.64 3.23 2.95 3.73 3.61 6.46 3.75 4.44 2.38 0 3.64 5.31 4.95 5.23 2.53 1.15 2.19 1.35 1.47 1.34 0.67 0.74 1.19 2.07 1.84 1.21 1.74
